<?xml version="1.0" encoding="utf-8"?>
<nodes version="2.5.0.2">
	<node type="NodeDummy" id="1681148159" folded="1" name="building_props">
		<transform>1.0000000596 0 0 0.0 0 1.0000000596 0 0.0 0 0 1 0.0 0 0 0 1.0</transform>
		<node type="NodeReference" id="468200341" name="line_07_building_08_a_84">
			<reference>../worlds/library_objects/building_library/line_07_building_08_a.node</reference>
			<transform>-0.0757617921094 -0.997125863862 0 0.0 0.997125863862 -0.0757617921094 0 0.0 0 0 1 0.0 3027.19332544 21560.468173 -27.0359992981 1.0</transform>
		</node>
		<node type="NodeReference" id="527760571" name="line_07_building_08_a_85">
			<reference>../worlds/library_objects/building_library/line_07_building_08_a.node</reference>
			<transform>-0.0757617921094 -0.997125863862 0 0.0 0.997125863862 -0.0757617921094 0 0.0 0 0 1 0.0 3027.19332544 21599.2518621 -27.0359992981 1.0</transform>
		</node>
		<node type="NodeReference" id="1423687546" name="line_07_building_08_a_86">
			<reference>../worlds/library_objects/building_library/line_07_building_08_a.node</reference>
			<transform>-0.0757617921094 -0.997125863862 0 0.0 0.997125863862 -0.0757617921094 0 0.0 0 0 1 0.0 3009.19552378 21560.468173 -27.0359992981 1.0</transform>
		</node>
		<node type="NodeReference" id="13560474" name="line_07_building_08_a_87">
			<reference>../worlds/library_objects/building_library/line_07_building_08_a.node</reference>
			<transform>-0.0757617921094 -0.997125863862 0 0.0 0.997125863862 -0.0757617921094 0 0.0 0 0 1 0.0 3009.19552378 21599.2518621 -27.0359992981 1.0</transform>
		</node>
		<node type="NodeReference" id="1565078442" name="line_07_building_08_a_88">
			<reference>../worlds/library_objects/building_library/line_07_building_08_a.node</reference>
			<transform>-0.0757617921094 -0.997125863862 0 0.0 0.997125863862 -0.0757617921094 0 0.0 0 0 1 0.0 2991.0329272 21560.468173 -27.0359992981 1.0</transform>
		</node>
		<node type="NodeReference" id="379704660" name="line_07_building_08_a_89">
			<reference>../worlds/library_objects/building_library/line_07_building_08_a.node</reference>
			<transform>-0.0757617921094 -0.997125863862 0 0.0 0.997125863862 -0.0757617921094 0 0.0 0 0 1 0.0 2991.0329272 21599.2518621 -27.0359992981 1.0</transform>
		</node>
		<node type="NodeReference" id="1091226170" name="line_2a_poi_921">
			<reference>../worlds/library_objects/building_library/line_2a_poi_10.node</reference>
			<transform>0.15406405354 0.988060831316 0 0.0 -0.988060771712 0.154064038639 0 0.0 0 0 0.999999642372 0.0 3085.53902509 21411.5867122 -27.0359992981 1.0</transform>
		</node>
		<node type="NodeReference" id="2078672425" name="line_2a_poi_922">
			<reference>../worlds/library_objects/building_library/line_2a_poi_10.node</reference>
			<transform>0.154063934331 0.988060890921 0 0.0 -0.988060890921 0.154063934331 0 0.0 0 0 0.999999642372 0.0 3093.62007929 21463.4137354 -27.0359992981 1.0</transform>
		</node>
		<node type="NodeReference" id="2145115778" name="line_2a_poi_924">
			<reference>../worlds/library_objects/building_library/line_2a_poi_10.node</reference>
			<transform>0.989464580389 -0.144773938941 0 0.0 0.144773953842 0.989464699598 0 0.0 0 0 0.999999701977 0.0 3132.70454962 21473.7128071 -27.0359992981 1.0</transform>
		</node>
		<node type="NodeReference" id="364005172" name="line_2a_poi_925">
			<reference>../worlds/library_objects/building_library/line_2a_poi_10.node</reference>
			<transform>-0.992259442349 0.124180830967 0 0.0 -0.124180830967 -0.992259442349 0 0.0 0 0 0.999999701977 0.0 3118.77803678 21390.964521 -27.0359992981 1.0</transform>
		</node>
		<node type="NodeReference" id="525710137" name="line_2a_poi_926">
			<reference>../worlds/library_objects/building_library/line_2a_poi_10.node</reference>
			<transform>-0.0814186904684 -0.996679127023 0 0.0 0.996679007813 -0.0814186830178 0 0.0 0 0 0.999999523163 0.0 3139.27217618 21427.6042893 -27.0359992981 1.0</transform>
		</node>
		<node type="NodeReference" id="1816475024" name="line_2a_building_43">
			<reference>../worlds/library_objects/building_library/line_2a_building_2.node</reference>
			<transform>0.994329809809 -0.106339751562 0 0.0 0.106339751562 0.994329809809 0 0.0 0 0 1 0.0 3099.45503988 21547.3089941 -27.0359992981 1.0</transform>
		</node>
		<node type="NodeReference" id="168706169" name="building_apartment_tall_21">
			<reference>../worlds/library_objects/gen_building/building_apartment_tall_02.node</reference>
			<transform>0.989813207977 0.142371677898 0 0.0 -0.142371677898 0.989813207977 0 0.0 0 0 1 0.0 3134.72603387 21638.978056 -27.0359992981 1.0</transform>
		</node>
		<node type="NodeReference" id="1804512810" name="generic_bldg_res_641">
			<reference>../worlds/library_objects/gen_building/generic_bldg_res_10.node</reference>
			<transform>0.9999999404 2.60791376925e-013 0 0.0 -2.60791376925e-013 0.9999999404 0 0.0 0 0 1 0.0 3008.63863904 21435.7577312 -27.0359992981 1.0</transform>
		</node>
		<node type="NodeReference" id="1595113745" name="generic_bldg_res_642">
			<reference>../worlds/library_objects/gen_building/generic_bldg_res_10.node</reference>
			<transform>0.9999999404 2.60791376925e-013 0 0.0 -2.60791376925e-013 0.9999999404 0 0.0 0 0 1 0.0 3014.20968363 21467.2054832 -27.0359992981 1.0</transform>
		</node>
		<node type="NodeReference" id="1888487195" name="generic_bldg_res_643">
			<reference>../worlds/library_objects/gen_building/generic_bldg_res_10.node</reference>
			<transform>0.9999999404 2.60791376925e-013 0 0.0 -2.60791376925e-013 0.9999999404 0 0.0 0 0 1 0.0 2988.03341566 21482.2699355 -27.0359992981 1.0</transform>
		</node>
		<node type="NodeReference" id="824178676" name="generic_bldg_res_645">
			<reference>../worlds/library_objects/gen_building/generic_bldg_res_10.node</reference>
			<transform>0.9999999404 2.60791376925e-013 0 0.0 -2.60791376925e-013 0.9999999404 0 0.0 0 0 1 0.0 2987.95455825 21410.8074153 -27.0359992981 1.0</transform>
		</node>
		<node type="NodeReference" id="570468570" name="under_construction_building_82">
			<reference>../worlds/library_objects/gen_building/under_construction_building_53.node</reference>
			<transform>0.9999999404 2.60791376925e-013 0 0.0 -2.60791376925e-013 0.9999999404 0 0.0 0 0 1 0.0 3009.79952765 21284.2968027 -27.0359992981 1.0</transform>
		</node>
		<node type="NodeReference" id="136477892" name="skyscraper_building_320">
			<reference>../worlds/library_objects/gen_building/skyscraper_building_1.node</reference>
			<transform>0.9999999404 1.04669022094e-005 0 0.0 -1.04669022094e-005 0.9999999404 0 0.0 0 0 0.999996483326 0.0 3066.33540178 21104.1564208 -27.0359992981 1.0</transform>
		</node>
		<node type="NodeReference" id="1012383044" name="outer_buildings_18">
			<reference>../worlds/library_objects/gen_building/outer_buildings.node</reference>
			<transform>-0.0100698337373 -0.999947905542 0 0.0 0.999947965146 -0.0100698346687 0 0.0 0 0 0.999999940396 0.0 2835.76169622 21243.5418003 -27.0359992981 1.0</transform>
		</node>
		<node type="NodeReference" id="301038649" name="outer_buildings_19">
			<reference>../worlds/library_objects/gen_building/outer_buildings.node</reference>
			<transform>0.064382154607 0.997924744964 0 0.0 -0.997924685359 0.064382154607 0 0.0 0 0 0.999999940396 0.0 3225.70869447 21146.2207612 -27.0359992981 1.0</transform>
		</node>
		<node type="NodeReference" id="1373674782" name="skyscraper_building_321">
			<reference>../worlds/library_objects/gen_building/skyscraper_building_1.node</reference>
			<transform>0.0632391609695 0.997997581844 0 0.0 -0.997997760658 0.0632391758706 0 0.0 0 0 0.999999701977 0.0 3068.25386987 21256.6721706 -27.0359992981 1.0</transform>
		</node>
		<node type="NodeReference" id="1856026164" name="small_house_block_30">
			<reference>../worlds/library_objects/gen_building/small_house_block.node</reference>
			<transform>0.972411452084 -0.233271314698 0 0.0 0.233271329599 0.972411511688 0 0.0 0 0 0.999999642372 0.0 3165.19771174 20716.9079816 -27.0359992981 1.0</transform>
		</node>
		<node type="NodeReference" id="1771442629" name="small_house_block_31">
			<reference>../worlds/library_objects/gen_building/small_house_block.node</reference>
			<transform>0.972411452084 -0.233271314698 0 0.0 0.233271329599 0.972411511688 0 0.0 0 0 0.999999642372 0.0 3054.92672222 20747.1848352 -27.0359992981 1.0</transform>
		</node>
		<node type="NodeReference" id="1387932118" name="generic_building_360">
			<reference>../worlds/library_objects/gen_building/generic_building_52.node</reference>
			<transform>0.9999999404 2.60791376925e-013 0 0.0 -2.60791376925e-013 0.9999999404 0 0.0 0 0 1 0.0 2991.12814204 21000.0980892 -27.0359992981 1.0</transform>
		</node>
		<node type="NodeReference" id="835398631" name="building_highrise_4">
			<reference>../worlds/library_objects/gen_building/building_highrise_03.node</reference>
			<transform>0.9999999404 2.60791376925e-013 0 0.0 -2.60791376925e-013 0.9999999404 0 0.0 0 0 1 0.0 2974.71774263 20941.367624 -27.0359992981 1.0</transform>
		</node>
		<node type="NodeReference" id="239392010" name="building_apartment_tall_23">
			<reference>../worlds/library_objects/gen_building/building_apartment_tall_02.node</reference>
			<transform>0.473730949984 -0.880669527098 0 0.0 0.880669407888 0.473730890379 0 0.0 0 0 0.999999344349 0.0 3081.32296088 20876.2509286 -27.0359992981 1.0</transform>
		</node>
		<node type="NodeReference" id="1424354795" name="building_apartment_tall_24">
			<reference>../worlds/library_objects/gen_building/building_apartment_tall_02.node</reference>
			<transform>0.0781149240208 -0.996944427312 0 0.0 0.996944367708 0.0781149240208 0 0.0 0 0 0.999999463559 0.0 3066.29610631 20938.7072237 -27.0359992981 1.0</transform>
		</node>
		<node type="NodeReference" id="1915405678" name="generic_building_361">
			<reference>../worlds/library_objects/gen_building/generic_building_52.node</reference>
			<transform>0.9999999404 2.60791376925e-013 0 0.0 -2.60791376925e-013 0.9999999404 0 0.0 0 0 1 0.0 3067.1401004 21004.0056818 -27.0359992981 1.0</transform>
		</node>
		<node type="NodeReference" id="737055549" name="generic_building_362">
			<reference>../worlds/library_objects/gen_building/generic_building_54.node</reference>
			<transform>0.9999999404 2.60791376925e-013 0 0.0 -2.60791376925e-013 0.9999999404 0 0.0 0 0 1 0.0 3075.26192609 21060.5599997 -27.0359992981 1.0</transform>
		</node>
		<node type="NodeReference" id="1339994626" name="small_house_block_41">
			<reference>../worlds/library_objects/gen_building/small_house_block.node</reference>
			<transform>0.997209966021 -0.0746467679532 0 0.0 0.0746467679532 0.997209966021 0 0.0 0 0 0.999999940396 0.0 3364.34955534 20510.3216291 -27.0359992981 1.0</transform>
		</node>
		<node type="NodeReference" id="2050392732" name="generic_factory_assets_a_d_5">
			<reference>../worlds/library_objects/gen_building/generic_factory_assets_a_d.node</reference>
			<transform>0.9999999404 2.60791376925e-013 0 0.0 -2.60791376925e-013 0.9999999404 0 0.0 0 0 1 0.0 3239.09419172 20544.4876427 -27.0359992981 1.0</transform>
		</node>
		<node type="NodeReference" id="491203067" name="generic_factory_assets_a_d_52">
			<reference>../worlds/library_objects/gen_building/generic_factory_assets_a_d.node</reference>
			<transform>0.9999999404 2.60791376925e-013 0 0.0 -2.60791376925e-013 0.9999999404 0 0.0 0 0 1 0.0 3215.76655639 20670.5711313 -27.0359992981 1.0</transform>
		</node>
		<node type="NodeReference" id="1325349894" name="generic_industrial_d_24">
			<reference>../worlds/library_objects/gen_building/generic_industrial_d.node</reference>
			<transform>0.9999999404 2.60791376925e-013 0 0.0 -2.60791376925e-013 0.9999999404 0 0.0 0 0 1 0.0 3247.4450213 20613.8173505 -27.0359992981 1.0</transform>
		</node>
		<node type="NodeReference" id="713351634" name="line_2a_build_406">
			<reference>../worlds/library_objects/building_library/line_2a_build_11.node</reference>
			<transform>0.9713409526 -0.237690373523 0 0.0 0.237690328819 0.971340773786 0 0.0 0 0 0.999998748303 0.0 3312.03964118 20304.1867886 -27.0359992979 1.0</transform>
		</node>
		<node type="NodeReference" id="203385555" name="line_2a_build_407">
			<reference>../worlds/library_objects/building_library/line_2a_build_11.node</reference>
			<transform>0.9713409526 -0.237690373523 0 0.0 0.237690358621 0.971340892995 0 0.0 0 0 0.999999821186 0.0 3319.50791134 20334.706318 -27.0359992979 1.0</transform>
		</node>
		<node type="NodeReference" id="100758386" name="building_apartment_tall_25">
			<reference>../worlds/library_objects/gen_building/building_apartment_tall_02.node</reference>
			<transform>-0.0662675613923 -0.997801244132 0 0.0 0.997801720969 -0.0662675911947 0 0.0 0 0 0.999999761582 0.0 3106.7558207 20881.8582281 -27.0359992981 1.0</transform>
		</node>
		<node type="NodeReference" id="317164473" name="line_2a_building_117">
			<reference>../worlds/library_objects/building_library/line_2a_building_2.node</reference>
			<transform>0.992993294779 -0.118170201372 0 0.0 0.118170201372 0.992993294779 0 0.0 0 0 1 0.0 3294.29682514 20251.5428055 -27.0359992981 1.0</transform>
		</node>
		<node type="NodeReference" id="1917565745" name="line_2a_poi_927">
			<reference>../worlds/library_objects/building_library/line_2a_poi_06.node</reference>
			<transform>0.995096206377 -0.0989105313371 0 0.0 0.0989105089854 0.995096027563 0 0.0 0 0 0.999999940396 0.0 3304.84159715 20194.8418537 -27.0359992981 1.0</transform>
		</node>
		<node type="NodeReference" id="1250802053" name="line_2a_poi_928">
			<reference>../worlds/library_objects/building_library/line_2a_poi_10.node</reference>
			<transform>0.0405802117636 0.999176263764 0 0.0 -0.99917620416 0.0405802117636 0 0.0 0 0 0.999999880791 0.0 3312.3805643 20131.6943629 -27.0359992981 1.0</transform>
		</node>
		<node type="NodeReference" id="911339412" name="line_2a_poi_929">
			<reference>../worlds/library_objects/building_library/line_2a_poi_10.node</reference>
			<transform>0.0405802117636 0.999176263764 0 0.0 -0.99917620416 0.0405802117636 0 0.0 0 0 0.999999880791 0.0 3339.04853146 20130.6112941 -27.0359992981 1.0</transform>
		</node>
		<node type="NodeReference" id="1923358609" name="generic_building_363">
			<reference>../worlds/library_objects/gen_building/generic_building_48.node</reference>
			<transform>0.0519077548034 0.998651444836 0 0.0 -0.998651444836 0.0519077548034 0 0.0 0 0 0.999999880791 0.0 3288.35346612 20131.2933619 -27.0359992981 1.0</transform>
		</node>
		<node type="NodeReference" id="1784204697" name="generic_building_49_b_56">
			<reference>../worlds/library_objects/gen_building/generic_building_49_b.node</reference>
			<transform>-0.0358889087076 -0.999355733361 0 0.0 0.999355733361 -0.0358889087076 0 0.0 0 0 0.999999761582 0.0 3306.48969551 20064.3224187 -27.0359992981 1.0</transform>
		</node>
		<node type="NodeReference" id="444973834" name="generic_building_50_a_116">
			<reference>../worlds/library_objects/gen_building/generic_building_50_a.node</reference>
			<transform>0.9999999404 2.60791376925e-013 0 0.0 -2.60791376925e-013 0.9999999404 0 0.0 0 0 1 0.0 3296.76093633 19979.9455011 -27.0359992981 1.0</transform>
		</node>
		<node type="NodeReference" id="2095370616" name="generic_building_50_a_117">
			<reference>../worlds/library_objects/gen_building/generic_building_50_a.node</reference>
			<transform>0.0444143962513 -0.999013066237 0 0.0 0.999013125842 0.0444143999766 0 0.0 0 0 0.999999940396 0.0 3297.04999881 20009.5580939 -27.0359992981 1.0</transform>
		</node>
		<node type="NodeReference" id="1832075445" name="generic_building_364">
			<reference>../worlds/library_objects/gen_building/generic_building_55.node</reference>
			<transform>0.9999999404 2.60791376925e-013 0 0.0 -2.60791376925e-013 0.9999999404 0 0.0 0 0 1 0.0 3337.15155892 20007.3656197 -27.0359992981 1.0</transform>
		</node>
		<node type="NodeReference" id="1177291700" name="generic_bldg_res_650">
			<reference>../worlds/library_objects/gen_building/generic_bldg_res_10.node</reference>
			<transform>0.9999999404 2.60791376925e-013 0 0.0 -2.60791376925e-013 0.9999999404 0 0.0 0 0 1 0.0 3331.67963542 19969.6143402 -27.0359992981 1.0</transform>
		</node>
		<node type="NodeReference" id="304433030" name="generic_bldg_res_651">
			<reference>../worlds/library_objects/gen_building/generic_bldg_res_10.node</reference>
			<transform>0.0628002248886 0.998026072866 0 0.0 -0.998026072866 0.0628002248886 0 0.0 0 0 0.999999880791 0.0 3326.31806347 19930.2436532 -27.0359992981 1.0</transform>
		</node>
		<node type="NodeReference" id="523865166" name="building_highrise_32">
			<reference>../worlds/library_objects/gen_building/building_highrise_02.node</reference>
			<transform>0.953106758188 -0.302633363167 0 0.0 0.302633452574 0.953107056211 0 0.0 0 0 0.999999701977 0.0 3291.09028237 19851.5861523 -27.0359992981 1.0</transform>
		</node>
		<node type="NodeReference" id="450847611" name="building_highrise_33">
			<reference>../worlds/library_objects/gen_building/building_highrise_02.node</reference>
			<transform>0.741011663739 0.67149190137 0 0.0 -0.67149202058 0.741011782948 0 0.0 0 0 0.999999642372 0.0 3255.75776494 19779.5372489 -27.0359992981 1.0</transform>
		</node>
		<node type="NodeReference" id="2019738697" name="generic_building_365">
			<reference>../worlds/library_objects/gen_building/generic_building_48.node</reference>
			<transform>0.9999999404 2.60791376925e-013 0 0.0 -2.60791376925e-013 0.9999999404 0 0.0 0 0 1 0.0 3196.29683099 19618.9369166 -27.0359992981 1.0</transform>
		</node>
		<node type="NodeReference" id="1871436743" name="generic_building_366">
			<reference>../worlds/library_objects/gen_building/generic_building_52.node</reference>
			<transform>0.934084411511 -0.357051721637 0 0.0 0.357051691835 0.934084351906 0 0.0 0 0 0.999999940396 0.0 3152.27549046 19636.0352647 -27.0360176038 1.0</transform>
		</node>
		<node type="NodeReference" id="35891352" name="generic_bldg_res_655">
			<reference>../worlds/library_objects/gen_building/generic_bldg_res_10.node</reference>
			<transform>0.897211962776 -0.441599753 0 0.0 0.441599782803 0.897212022381 0 0.0 0 0 0.999999880791 0.0 3191.7682668 19658.1957034 -27.0359992981 1.0</transform>
		</node>
		<node type="NodeReference" id="370315618" name="generic_bldg_res_656">
			<reference>../worlds/library_objects/gen_building/generic_bldg_res_10.node</reference>
			<transform>0.897211962776 -0.441599753 0 0.0 0.441599782803 0.897212022381 0 0.0 0 0 0.999999880791 0.0 3206.66401787 19688.4596176 -27.0359992981 1.0</transform>
		</node>
		<node type="NodeReference" id="513222780" name="generic_bldg_res_657">
			<reference>../worlds/library_objects/gen_building/generic_bldg_res_10.node</reference>
			<transform>0.897211962776 -0.441599753 0 0.0 0.441599782803 0.897212022381 0 0.0 0 0 0.999999880791 0.0 3230.85932893 19718.5401822 -27.0359992981 1.0</transform>
		</node>
		<node type="NodeReference" id="1642890057" name="generic_bldg_res_658">
			<reference>../worlds/library_objects/gen_building/generic_bldg_res_10.node</reference>
			<transform>0.897211962776 -0.441599753 0 0.0 0.441599782803 0.897212022381 0 0.0 0 0 0.999999880791 0.0 3181.5043514 19708.2269504 -27.0359992981 1.0</transform>
		</node>
		<node type="NodeReference" id="2068830295" name="generic_factory_assets_a_d_53">
			<reference>../worlds/library_objects/gen_building/generic_factory_assets_a_d.node</reference>
			<transform>0.985346733655 0.17056214336 0 0.0 -0.170562188064 0.985346972073 0 0.0 0 0 0.999999940396 0.0 3241.10932831 19535.0477615 -27.0359992981 1.0</transform>
		</node>
		<node type="NodeReference" id="666895823" name="generic_factory_assets_a_d_54">
			<reference>../worlds/library_objects/gen_building/generic_factory_assets_a_d.node</reference>
			<transform>0.985346733655 0.17056214336 0 0.0 -0.170562188064 0.985346972073 0 0.0 0 0 0.999999940396 0.0 3224.77803046 19532.2208574 -27.0359992981 1.0</transform>
		</node>
		<node type="NodeReference" id="474988829" name="generic_factory_assets_a_d_55">
			<reference>../worlds/library_objects/gen_building/generic_factory_assets_a_d.node</reference>
			<transform>0.141792216408 -0.989895343183 0 0.0 0.989896296857 0.141792350519 0 0.0 0 0 0.999999821186 0.0 3198.87593239 19539.7477124 -27.0359992981 1.0</transform>
		</node>
		<node type="NodeReference" id="906151083" name="generic_factory_assets_a_d_56">
			<reference>../worlds/library_objects/gen_building/generic_factory_assets_a_d.node</reference>
			<transform>0.141792216408 -0.989895402787 0 0.0 0.989896356462 0.141792350519 0 0.0 0 0 0.999999821186 0.0 3201.10664515 19524.1752035 -27.0359992981 1.0</transform>
		</node>
		<node type="NodeReference" id="1537872905" name="generic_factory_05_d_5">
			<reference>../worlds/library_objects/gen_building/generic_factory_05_d.node</reference>
			<transform>0.996832907015 -0.0795242908317 0 0.0 0.0795242982823 0.99683296662 0 0.0 0 0 0.999999880791 0.0 3062.18892882 19571.9855034 -27.0359992981 1.0</transform>
		</node>
		<node type="NodeReference" id="680097459" name="generic_factory_05_d_122">
			<reference>../worlds/library_objects/gen_building/generic_factory_05_d.node</reference>
			<transform>0.0718236831921 0.99741691336 0 0.0 -0.99741691336 0.0718236831921 0 0.0 0 0 0.999999701977 0.0 3052.63741572 19533.4466874 -27.0359992981 1.0</transform>
		</node>
		<node type="NodeReference" id="67762991" name="generic_building_367">
			<reference>../worlds/library_objects/gen_building/generic_building_54.node</reference>
			<transform>-0.0753847256535 -0.997154414489 0 0.0 0.997154354884 -0.0753847256535 0 0.0 0 0 0.999999940396 0.0 3036.97799282 19501.3375584 -27.0359992981 1.0</transform>
		</node>
		<node type="NodeReference" id="405599866" name="generic_building_368">
			<reference>../worlds/library_objects/gen_building/generic_building_54.node</reference>
			<transform>-0.0753847256535 -0.997154414489 0 0.0 0.997154354884 -0.0753847256535 0 0.0 0 0 0.999999940396 0.0 2997.14718465 19504.3487887 -27.0359992981 1.0</transform>
		</node>
		<node type="NodeReference" id="120146286" name="generic_industrial_d_84">
			<reference>../worlds/library_objects/gen_building/generic_industrial_d.node</reference>
			<transform>0.998148679627 0.0608200355366 0 0.0 -0.0608200355366 0.998148679627 0 0.0 0 0 1 0.0 3122.95278189 19513.7544838 -27.0360017558 1.0</transform>
		</node>
		<node type="NodeReference" id="926637131" name="generic_industrial_d_85">
			<reference>../worlds/library_objects/gen_building/generic_industrial_d.node</reference>
			<transform>0.99232536509 -0.123653873722 0 0.0 0.123653873722 0.99232536509 0 0.0 0 0 1 0.0 3130.52071186 19564.9317929 -27.0359992981 1.0</transform>
		</node>
		<node type="NodeReference" id="1932901346" name="generic_bldg_res_659">
			<reference>../worlds/library_objects/gen_building/generic_bldg_res_10.node</reference>
			<transform>0.996904790221 0.0786173837556 0 0.0 -0.0786173837556 0.996904790221 0 0.0 0 0 1 0.0 3131.54976453 19385.5546063 -27.0359992981 1.0</transform>
		</node>
		<node type="NodeReference" id="1240236153" name="generic_bldg_res_660">
			<reference>../worlds/library_objects/gen_building/generic_bldg_res_10.node</reference>
			<transform>0.996904790221 0.0786173763051 0 0.0 -0.0786173763051 0.996904790221 0 0.0 0 0 1 0.0 3129.46919825 19411.5433743 -27.0359992981 1.0</transform>
		</node>
		<node type="NodeReference" id="100429111" name="generic_building_370">
			<reference>../worlds/library_objects/gen_building/generic_building_48.node</reference>
			<transform>0.997101545165 0.0760800436786 0 0.0 -0.0760800436786 0.997101545165 0 0.0 0 0 1 0.0 3137.20801609 19453.5540415 -27.0359992978 1.0</transform>
		</node>
		<node type="NodeReference" id="432587029" name="generic_building_371">
			<reference>../worlds/library_objects/gen_building/generic_building_52.node</reference>
			<transform>0.0785954566956 -0.996906518756 0 0.0 0.996906518756 0.0785954566956 0 0.0 0 0 0.999999880791 0.0 3189.81270051 19460.9625608 -27.0359992981 1.0</transform>
		</node>
		<node type="NodeReference" id="1791726541" name="generic_building_372">
			<reference>../worlds/library_objects/gen_building/generic_building_52.node</reference>
			<transform>0.0785954566956 -0.996906518756 0 0.0 0.996906518756 0.0785954566956 0 0.0 0 0 0.999999880791 0.0 3188.48384317 19438.1481091 -27.0359992981 1.0</transform>
		</node>
		<node type="NodeReference" id="1869034635" name="generic_building_373">
			<reference>../worlds/library_objects/gen_building/generic_building_48.node</reference>
			<transform>0.0698325079583 0.997557878353 0 0.0 -0.997558235981 0.06983253031 0 0.0 0 0 0.999999642372 0.0 3059.07930987 19432.9210586 -27.0359992981 1.0</transform>
		</node>
		<node type="NodeReference" id="378242334" name="generic_building_374">
			<reference>../worlds/library_objects/gen_building/generic_building_48.node</reference>
			<transform>0.0698325079583 0.997557878353 0 0.0 -0.997558235981 0.06983253031 0 0.0 0 0 0.999999582768 0.0 2978.9228205 19438.5323864 -27.0359992981 1.0</transform>
		</node>
		<node type="NodeReference" id="1296062724" name="generic_building_375">
			<reference>../worlds/library_objects/gen_building/generic_building_48.node</reference>
			<transform>0.997305452667 -0.0733533768868 0 0.0 0.0733533917879 0.997305631481 0 0.0 0 0 0.999999761582 0.0 3020.80636293 19454.2193972 -27.0359992981 1.0</transform>
		</node>
		<node type="NodeReference" id="1256554575" name="generic_building_376">
			<reference>../worlds/library_objects/gen_building/generic_building_48.node</reference>
			<transform>0.997305452667 -0.0733533694362 0 0.0 0.0733533843374 0.997305631481 0 0.0 0 0 0.999999761582 0.0 3017.38741782 19407.7364898 -27.0359992981 1.0</transform>
		</node>
		<node type="NodeReference" id="502497049" name="generic_building_377">
			<reference>../worlds/library_objects/gen_building/generic_building_48.node</reference>
			<transform>0.997305452667 -0.0733533768868 0 0.0 0.0733533917879 0.997305631481 0 0.0 0 0 0.999999761582 0.0 3035.12545387 19375.5746265 -27.0359992981 1.0</transform>
		</node>
		<node type="NodeReference" id="915915835" name="line_07_building_08_a_90">
			<reference>../worlds/library_objects/building_library/line_07_building_08_a.node</reference>
			<transform>0.992704987095 -0.120568804179 0 0.0 0.120568796729 0.992704927491 0 0.0 0 0 0.999999940396 0.0 3013.9779942 19123.9794266 -27.0359992981 1.0</transform>
		</node>
		<node type="NodeReference" id="1280882997" name="line_2a_build_408">
			<reference>../worlds/library_objects/building_library/line_2a_build_12.node</reference>
			<transform>0.0731221108513 0.997322499597 0 0.0 -0.997322559201 0.0731221108513 0 0.0 0 0 0.999999701977 0.0 3029.38275286 19200.2959206 -27.0360041703 1.0</transform>
		</node>
		<node type="NodeReference" id="1674900429" name="line_2a_build_409">
			<reference>../worlds/library_objects/building_library/line_2a_build_12.node</reference>
			<transform>0.99578469967 -0.0917184258536 0 0.0 0.0917184482053 0.995784997693 0 0.0 0 0 0.999999642372 0.0 3015.4815922 19163.0019411 -27.0360236593 1.0</transform>
		</node>
		<node type="NodeReference" id="2146550750" name="line_2a_build_411">
			<reference>../worlds/library_objects/building_library/line_2a_build_11.node</reference>
			<transform>0.996514439379 -0.0834191640273 0 0.0 0.0834191044226 0.996513724124 0 0.0 0 0 0.999999701977 0.0 2998.98428031 19083.7060305 -27.0360873543 1.0</transform>
		</node>
		<node type="NodeReference" id="429421533" name="line_2a_build_412">
			<reference>../worlds/library_objects/building_library/line_2a_build_5.node</reference>
			<transform>0.998612582605 -0.0526573130584 0 0.0 0.0526573130584 0.998612582605 0 0.0 0 0 1 0.0 3006.24947903 19042.3558963 -27.0359992981 1.0</transform>
		</node>
		<node type="NodeReference" id="1288381480" name="line_2a_building_118">
			<reference>../worlds/library_objects/building_library/line_2a_building_2.node</reference>
			<transform>0.996030568844 -0.0890112721335 0 0.0 0.0890112721335 0.996030568844 0 0.0 0 0 1 0.0 3018.64352126 19003.2780178 -27.0359992981 1.0</transform>
		</node>
		<node type="NodeReference" id="787863235" name="line_2a_poi_930">
			<reference>../worlds/library_objects/building_library/line_2a_poi_13.node</reference>
			<transform>0.163658271055 0.986516415273 0 0.0 -0.986516296064 0.163658256153 0 0.0 0 0 0.99999666214 0.0 3087.22530428 19019.8527238 -27.0359992981 1.0</transform>
		</node>
		<node type="NodeReference" id="225657510" name="line_2a_poi_931">
			<reference>../worlds/library_objects/building_library/line_2a_poi_13.node</reference>
			<transform>0.163658271055 0.986516415273 0 0.0 -0.986516176855 0.163658241252 0 0.0 0 0 0.999996364117 0.0 3083.20357601 18998.8964263 -27.0359992981 1.0</transform>
		</node>
		<node type="NodeReference" id="1977966606" name="line_2a_poi_932">
			<reference>../worlds/library_objects/building_library/line_2a_poi_7.node</reference>
			<transform>0.983102916668 -0.183053340499 0 0.0 0.183053340499 0.983102916668 0 0.0 0 0 0.999999940396 0.0 3106.32491252 18989.2189366 -27.0359992981 1.0</transform>
		</node>
		<node type="NodeReference" id="655444469" name="line_2a_poi_933">
			<reference>../worlds/library_objects/building_library/line_2a_poi_7.node</reference>
			<transform>0.983102916668 -0.183053340499 0 0.0 0.183053340499 0.983102916668 0 0.0 0 0 0.999999940396 0.0 3103.88057673 19017.0578021 -27.0359992981 1.0</transform>
		</node>
		<node type="NodeReference" id="1854654467" name="line_2a_poi_934">
			<reference>../worlds/library_objects/building_library/line_2a_poi_9.node</reference>
			<transform>0.983034013695 -0.18342303833 0 0.0 0.183423053231 0.983034132904 0 0.0 0 0 1.00000160933 0.0 3095.41573348 18957.6005303 -27.0359992981 1.0</transform>
		</node>
		<node type="NodeReference" id="2011529131" name="line_2a_poi_935">
			<reference>../worlds/library_objects/building_library/line_2a_poi_9.node</reference>
			<transform>-0.964930472672 0.26250286475 0 0.0 -0.262502894552 -0.964930591881 0 0.0 0 0 0.999999761582 0.0 3083.39840021 18921.5155715 -27.0359992981 1.0</transform>
		</node>
		<node type="NodeReference" id="94670363" name="line_2a_poi_936">
			<reference>../worlds/library_objects/building_library/line_2a_poi_9.node</reference>
			<transform>-0.0626971535505 -0.998032331354 0 0.0 0.998032271749 -0.0626971535505 0 0.0 0 0 0.999999940396 0.0 3012.35703104 18953.9157731 -27.0360019964 1.0</transform>
		</node>
		<node type="NodeReference" id="1571786910" name="line_7_build_63">
			<reference>../worlds/library_objects/building_library/line_7_build_1.node</reference>
			<transform>0.96130800017 0.275474624365 0 0.0 -0.275474594563 0.961307940565 0 0.0 0 0 0.999999761582 0.0 2972.76423143 18934.6353014 -27.0359992982 1.0</transform>
		</node>
		<node type="NodeReference" id="1629404167" name="line_2a_poi_937">
			<reference>../worlds/library_objects/building_library/line_2a_poi_9.node</reference>
			<transform>0.996601939003 -0.0823663596733 0 0.0 0.0823663522227 0.996601819794 0 0.0 0 0 0.999999880791 0.0 3009.20017767 18919.7661548 -27.0359992981 1.0</transform>
		</node>
		<node type="NodeReference" id="913026005" name="line_7_building_231">
			<reference>../worlds/library_objects/building_library/line_7_building_3.node</reference>
			<transform>0.99452191559 -0.104528083178 0 0.0 0.104528053375 0.994521617567 0 0.0 0 0 0.999999463559 0.0 3076.10801697 18893.0628278 -27.0360764399 1.0</transform>
		</node>
		<node type="NodeReference" id="167856225" name="generic_building_50_a_118">
			<reference>../worlds/library_objects/gen_building/generic_building_50_a.node</reference>
			<transform>0.0576963384569 0.998334109688 0 0.0 -0.998334109688 0.0576963384569 0 0.0 0 0 0.999999940396 0.0 3000.79679978 18897.1264607 -27.0359992983 1.0</transform>
		</node>
		<node type="NodeReference" id="294451244" name="generic_building_378">
			<reference>../worlds/library_objects/gen_building/generic_building_52.node</reference>
			<transform>0.105443588224 0.994425236851 0 0.0 -0.994425236851 0.105443588224 0 0.0 0 0 0.999999523163 0.0 3061.47091129 18751.6300836 -27.0359992981 1.0</transform>
		</node>
		<node type="NodeReference" id="2041872496" name="generic_building_379">
			<reference>../worlds/library_objects/gen_building/generic_building_54.node</reference>
			<transform>0.996276855251 -0.086211597098 0 0.0 0.0862116045486 0.996276914856 0 0.0 0 0 0.999999344349 0.0 2996.13131557 18821.5656263 -27.0359992981 1.0</transform>
		</node>
		<node type="NodeReference" id="334999699" name="skyscraper_building_322">
			<reference>../worlds/library_objects/gen_building/skyscraper_building_1.node</reference>
			<transform>0.997211515742 -0.0746265768785 0 0.0 0.0746265768785 0.997211515742 0 0.0 0 0 1 0.0 3074.28453703 18866.0217854 -27.0359992978 1.0</transform>
		</node>
		<node type="NodeReference" id="551219515" name="corrugated_sheet_bldgs_set_95">
			<reference>../worlds/library_objects/building_library/corrugated_sheet_bldgs_set_3.node</reference>
			<transform>0.997072815725 -0.0764581606665 0 0.0 0.0764581606665 0.99707275612 0 0.0 0 0 0.999999940396 0.0 3052.75631368 18811.1535687 -27.0360014811 1.0</transform>
		</node>
		<node type="NodeReference" id="1430072131" name="line_07_building_08_a_91">
			<reference>../worlds/library_objects/building_library/line_07_building_08_a.node</reference>
			<transform>0.994004010801 -0.109343349001 0 0.0 0.109343356451 0.994004070406 0 0.0 0 0 0.99999922514 0.0 3064.83344386 18717.8969313 -27.0359992983 1.0</transform>
		</node>
		<node type="NodeReference" id="62795125" name="line_2a_build_413">
			<reference>../worlds/library_objects/building_library/line_2a_build_12.node</reference>
			<transform>0.996499895845 -0.0835930605888 0 0.0 0.0835930605888 0.996499895845 0 0.0 0 0 0.999999046326 0.0 3070.7646119 18781.8434607 -27.0359992981 1.0</transform>
		</node>
		<node type="NodeReference" id="1255242433" name="line_2a_building_119">
			<reference>../worlds/library_objects/building_library/line_2a_building_2.node</reference>
			<transform>0.122276536959 0.992496013198 0 0.0 -0.992496132408 0.12227655186 0 0.0 0 0 0.999999821186 0.0 3076.20772681 18839.8307619 -27.0359992981 1.0</transform>
		</node>
		<node type="NodeReference" id="891202259" name="under_construction_building_83">
			<reference>../worlds/library_objects/gen_building/under_construction_building_53.node</reference>
			<transform>0.99407631124 -0.108684084337 0 0.0 0.108684076887 0.994076251635 0 0.0 0 0 0.999999880791 0.0 2977.953094 18682.3661717 -27.0359992981 1.0</transform>
		</node>
		<node type="NodeReference" id="334549432" name="building_apartment_tall_26">
			<reference>../worlds/library_objects/gen_building/building_apartment_tall_01.node</reference>
			<transform>0.995594382028 -0.0937650110586 0 0.0 0.0937650185091 0.995594441632 0 0.0 0 0 0.999999284745 0.0 2950.57541008 18754.7118705 -27.0359992981 1.0</transform>
		</node>
		<node type="NodeReference" id="2008135728" name="generic_building_380">
			<reference>../worlds/library_objects/gen_building/generic_building_48.node</reference>
			<transform>0.0729555158592 0.997333884085 0 0.0 -0.997334122503 0.0729555307603 0 0.0 0 0 0.999999761582 0.0 3107.12959997 18748.8046443 -27.0359992981 1.0</transform>
		</node>
		<node type="NodeReference" id="1150501545" name="line_7_building_232">
			<reference>../worlds/library_objects/building_library/line_7_building_3.node</reference>
			<transform>0.99452191559 -0.104528083178 0 0.0 0.104528053375 0.994521617567 0 0.0 0 0 0.999999344349 0.0 2993.38204816 18786.1925815 -27.0359992981 1.0</transform>
		</node>
		<node type="NodeReference" id="599922272" name="skyscraper_building_323">
			<reference>../worlds/library_objects/gen_building/skyscraper_building_1.node</reference>
			<transform>0.987371205535 -0.158423477914 0 0.0 0.158423492815 0.987371324744 0 0.0 0 0 0.999999403954 0.0 3066.73165316 18695.9980068 -27.0359992981 1.0</transform>
		</node>
		<node type="NodeReference" id="14696858" name="skyscraper_building_324">
			<reference>../worlds/library_objects/gen_building/skyscraper_building_1.node</reference>
			<transform>0.987371682372 -0.158421287443 0 0.0 0.158421272542 0.987371622768 0 0.0 0 0 0.999998509884 0.0 3053.85567737 18667.4494245 -27.0359992981 1.0</transform>
		</node>
		<node type="NodeReference" id="490180259" name="skyscraper_building_325">
			<reference>../worlds/library_objects/gen_building/skyscraper_building_1.node</reference>
			<transform>0.987371622768 -0.158421347048 0 0.0 0.158421347048 0.987371563163 0 0.0 0 0 0.999998688698 0.0 3054.84672804 18619.5055171 -27.0359992981 1.0</transform>
		</node>
		<node type="NodeReference" id="1492702194" name="skyscraper_building_326">
			<reference>../worlds/library_objects/gen_building/skyscraper_building_1.node</reference>
			<transform>-0.995434939594 0.0954423007637 0 0.0 -0.0954423007637 -0.995434939594 0 0.0 0 0 0.999998748303 0.0 3050.98629277 18595.4443019 -27.0359992981 1.0</transform>
		</node>
		<node type="NodeReference" id="1044964380" name="skyscraper_building_327">
			<reference>../worlds/library_objects/gen_building/skyscraper_building_1.node</reference>
			<transform>-0.999970793727 -0.00762515513976 0 0.0 0.00762515560542 -0.999970853331 0 0.0 0 0 0.99999922514 0.0 3059.36544266 18647.668664 -27.0359992981 1.0</transform>
		</node>
		<node type="NodeReference" id="1580727891" name="skyscraper_building_328">
			<reference>../worlds/library_objects/gen_building/skyscraper_building_1.node</reference>
			<transform>0.120400905336 0.992725371885 0 0.0 -0.99272543149 0.120400912786 0 0.0 0 0 0.999998569489 0.0 3085.5036247 18577.5307287 -27.0359992981 1.0</transform>
		</node>
		<node type="NodeReference" id="148208578" name="line_7_building_233">
			<reference>../worlds/library_objects/building_library/line_7_building_3.node</reference>
			<transform>0.9999999404 2.60791376925e-013 0 0.0 -2.60791376925e-013 0.9999999404 0 0.0 0 0 1 0.0 2970.85519403 18587.6427887 -27.0359992981 1.0</transform>
		</node>
		<node type="NodeReference" id="976905377" name="line_7_building_234">
			<reference>../worlds/library_objects/building_library/line_7_building_7.node</reference>
			<transform>-0.163692782146 -0.986511050855 0 0.0 0.986511170064 -0.163692797047 0 0.0 0 0 1 0.0 2898.21075344 18597.1537846 -27.0359992977 1.0</transform>
		</node>
		<node type="NodeReference" id="209917364" name="line_2a_poi_938">
			<reference>../worlds/library_objects/building_library/line_2a_poi_13.node</reference>
			<transform>0.991950451852 -0.12662554542 0 0.0 0.126625560321 0.991950511457 0 0.0 0 0 0.999999105931 0.0 3048.68673236 18567.7297039 -27.0359992981 1.0</transform>
		</node>
		<node type="NodeReference" id="1983544712" name="line_2a_poi_939">
			<reference>../worlds/library_objects/building_library/line_2a_poi_06.node</reference>
			<transform>0.995851337667 -0.0909943709374 0 0.0 0.0909943560362 0.995851218457 0 0.0 0 0 0.999999940396 0.0 2936.68869216 18530.0959171 -27.0360012127 1.0</transform>
		</node>
		<node type="NodeReference" id="1993545844" name="line_7_building_235">
			<reference>../worlds/library_objects/building_library/line_7_building_3.node</reference>
			<transform>0.993587910751 -0.113061635975 0 0.0 0.113061635975 0.993587910751 0 0.0 0 0 1 0.0 3032.40694817 18491.5805385 -27.0359992981 1.0</transform>
		</node>
		<node type="NodeReference" id="748433096" name="line_2a_poi_940">
			<reference>../worlds/library_objects/building_library/line_2a_poi_13.node</reference>
			<transform>0.065540593299 0.997849583502 0 0.0 -0.997849583502 0.065540593299 0 0.0 0 0 0.999999821186 0.0 3051.84640014 18539.8644712 -27.0359992981 1.0</transform>
		</node>
		<node type="NodeReference" id="606153304" name="line_2a_build_414">
