<?xml version="1.0" encoding="utf-8"?>
<nodes version="2.5.0.2">
	<node type="NodeReference" id="389937034" folded="1" name="dahisar_e_station">
		<reference>../worlds/mmrbem/graphics/stations/dahisar_e_station.node</reference>
		<transform>0.59930284015 0.80052200562 0 0.0 -0.800522124829 0.599302959359 0 0.0 0 0 0.999999940396 0.0 6995.39447231 36941.1786464 -8.96 1.0</transform>
		<node type="NodeDummy" id="495580235" enabled="0" folded="1" name="DAE_lights">
			<transform>1 -5.55111512313e-017 0 0.0 -1.11022302463e-016 1 0 0.0 0 0 1 0.0 0 0 0 1.0</transform>
			<node type="LightEnvironmentProbe" id="22557605" name="Prob">
				<attenuation_distance>600 600 600</attenuation_distance>
				<is_dynamic>0</is_dynamic>
				<is_local_space>0</is_local_space>
				<is_sky_cutout>0</is_sky_cutout>
				<is_box_projection>0</is_box_projection>
				<is_box_gi>1</is_box_gi>
				<box_gloss_corners>1</box_gloss_corners>
				<box_size>1 1 1</box_size>
				<is_sun_light_color>0</is_sun_light_color>
				<grab_offset>0 0 0</grab_offset>
				<reflection_update>1</reflection_update>
				<reflection_mask>0xffffffff</reflection_mask>
				<resolution>-1</resolution>
				<zfar>10000</zfar>
				<znear>0.100000001</znear>
				<supersampling>-1</supersampling>
				<reflection_intensity>0.200000003</reflection_intensity>
				<reflection_color>1 1 1 1</reflection_color>
				<ambient_intensity>0.800000012</ambient_intensity>
				<ambient_color>0.521568656 0.631372571 0.776470661 1</ambient_color>
				<ambient_contrast>0.505999982</ambient_contrast>
				<texture>core/textures/common/environment_default.dds</texture>
				<color>0.713725507 0.772549093 0.839215755 1</color>
				<shadow_bias>1</shadow_bias>
				<shadow_screen_space>0</shadow_screen_space>
				<shadow_screen_space_num_rays>8</shadow_screen_space_num_rays>
				<shadow_screen_space_num_steps>8</shadow_screen_space_num_steps>
				<shadow_screen_space_noise_ray>1</shadow_screen_space_noise_ray>
				<shadow_screen_space_noise_step>0.5</shadow_screen_space_noise_step>
				<shadow_screen_space_step_size>0.5</shadow_screen_space_step_size>
				<shadow_screen_space_threshold>1</shadow_screen_space_threshold>
				<shadow_screen_space_softness>0.400000006</shadow_screen_space_softness>
				<transform>1 2.77555756156e-017 0 0.0 2.77555756156e-017 1 0 0.0 0 0 1 0.0 -90.9663300171 -3.41019030811 1.17179060967 1.0</transform>
			</node>
			<node type="NodeDummy" id="648605456" folded="1" name="light_01">
				<transform>-0.224951338334 0.974369983018 0 0.0 -0.974369863809 -0.224951368136 0 0.0 0 0 1.0000000596 0.0 -182.581078852 -12.9593681568 2.33513085256 1.0</transform>
				<node type="NodeReference" id="566875030" name="shelter_light_0">
					<reference>../worlds/library_objects/lights/shelter_light.node</reference>
					<transform>-0.224951369404 -0.974370041829 0 0.0 0.97436984402 -0.224951309147 0 0.0 0 0 0.9999999404 0.0 -36.6231956049 -174.160298201 5.23300314431 1.0</transform>
				</node>
				<node type="NodeReference" id="1357344702" name="shelter_light_1">
					<reference>../worlds/library_objects/lights/shelter_light.node</reference>
					<transform>-0.224951265749 -0.97436988201 0 0.0 0.9743697628 -0.224951235947 0 0.0 0 0 0.999999880791 0.0 -34.9193202358 -166.390303241 5.23300414431 1.0</transform>
				</node>
				<node type="NodeReference" id="526967756" name="shelter_light_2">
					<reference>../worlds/library_objects/lights/shelter_light.node</reference>
					<transform>-0.224951265749 -0.97436988201 0 0.0 0.9743697628 -0.224951235947 0 0.0 0 0 0.999999880791 0.0 -33.0223075584 -158.037118764 5.23300514431 1.0</transform>
				</node>
				<node type="NodeReference" id="844232334" name="shelter_light_3">
					<reference>../worlds/library_objects/lights/shelter_light.node</reference>
					<transform>-0.224951199439 -0.974369836485 0 0.0 0.974369693204 -0.224951115109 0 0.0 0 0 0.99999982119 0.0 -31.0157959277 -149.725564963 5.23300514431 1.0</transform>
				</node>
				<node type="NodeReference" id="145583352" name="shelter_light_4">
					<reference>../worlds/library_objects/lights/shelter_light.node</reference>
					<transform>-0.224951265749 -0.97436988201 0 0.0 0.9743697628 -0.224951235947 0 0.0 0 0 0.999999880791 0.0 -29.2055645637 -141.456488817 5.23300514431 1.0</transform>
				</node>
				<node type="NodeReference" id="1386473829" name="shelter_light_5">
					<reference>../worlds/library_objects/lights/shelter_light.node</reference>
					<transform>-0.224951265749 -0.97436988201 0 0.0 0.9743697628 -0.224951235947 0 0.0 0 0 0.999999880791 0.0 -27.3403910591 -133.249705349 5.23300514431 1.0</transform>
				</node>
				<node type="NodeReference" id="1103899007" name="shelter_light_6">
					<reference>../worlds/library_objects/lights/shelter_light.node</reference>
					<transform>-0.224951265749 -0.97436988201 0 0.0 0.9743697628 -0.224951235947 0 0.0 0 0 0.999999880791 0.0 -25.3036496975 -125.130159391 5.23300514431 1.0</transform>
				</node>
				<node type="NodeReference" id="126176140" name="shelter_light_7">
					<reference>../worlds/library_objects/lights/shelter_light.node</reference>
					<transform>-0.224951265749 -0.97436988201 0 0.0 0.9743697628 -0.224951235947 0 0.0 0 0 0.999999880791 0.0 -23.3902349405 -116.842261725 5.23300514431 1.0</transform>
				</node>
				<node type="NodeReference" id="1309930454" name="shelter_light_8">
					<reference>../worlds/library_objects/lights/shelter_light.node</reference>
					<transform>-0.224951340255 -0.97436988201 0 0.0 0.974369822405 -0.224951340255 0 0.0 0 0 0.999999821186 0.0 -21.4671785288 -108.512601557 5.23300514431 1.0</transform>
				</node>
				<node type="NodeReference" id="1648294917" name="shelter_light_9">
					<reference>../worlds/library_objects/lights/shelter_light.node</reference>
					<transform>-0.224951265749 -0.97436988201 0 0.0 0.9743697628 -0.224951235947 0 0.0 0 0 0.999999880791 0.0 -19.4852293922 -99.9278493512 5.23300514431 1.0</transform>
				</node>
				<node type="NodeReference" id="1312587282" name="shelter_light_10">
					<reference>../worlds/library_objects/lights/shelter_light.node</reference>
					<transform>-0.224951265749 -0.97436988201 0 0.0 0.9743697628 -0.224951235947 0 0.0 0 0 0.999999880791 0.0 -17.4482387078 -91.1046863321 5.23300514431 1.0</transform>
				</node>
				<node type="NodeReference" id="764604067" name="shelter_light_11">
					<reference>../worlds/library_objects/lights/shelter_light.node</reference>
					<transform>-0.224951265749 -0.97436988201 0 0.0 0.9743697628 -0.224951235947 0 0.0 0 0 0.999999880791 0.0 -15.5769100996 -82.9990835566 5.23300514431 1.0</transform>
				</node>
				<node type="NodeReference" id="1908869768" name="shelter_light_12">
					<reference>../worlds/library_objects/lights/shelter_light.node</reference>
					<transform>-0.224951265749 -0.97436988201 0 0.0 0.9743697628 -0.224951235947 0 0.0 0 0 0.999999880791 0.0 -13.726355297 -74.9834619025 5.23300514431 1.0</transform>
				</node>
				<node type="NodeReference" id="1553227552" name="shelter_light_13">
					<reference>../worlds/library_objects/lights/shelter_light.node</reference>
					<transform>-0.224951265749 -0.97436988201 0 0.0 0.9743697628 -0.224951235947 0 0.0 0 0 0.999999880791 0.0 -11.8565991007 -66.8846699779 5.23300514431 1.0</transform>
				</node>
				<node type="NodeReference" id="1867849567" name="shelter_light_14">
					<reference>../worlds/library_objects/lights/shelter_light.node</reference>
					<transform>-0.224951265749 -0.97436988201 0 0.0 0.9743697628 -0.224951235947 0 0.0 0 0 0.999999880791 0.0 -9.99045427229 -58.8015205875 5.23300514431 1.0</transform>
				</node>
				<node type="NodeReference" id="176492344" name="shelter_light_16">
					<reference>../worlds/library_objects/lights/shelter_light.node</reference>
					<transform>-0.224951265749 -0.97436988201 0 0.0 0.9743697628 -0.224951235947 0 0.0 0 0 0.999999880791 0.0 -8.1191015946 -50.695813556 5.23300514431 1.0</transform>
				</node>
				<node type="NodeReference" id="66798892" name="shelter_light_17">
					<reference>../worlds/library_objects/lights/shelter_light.node</reference>
					<transform>-0.224951340255 -0.97436988201 0 0.0 0.974369822405 -0.224951340255 0 0.0 0 0 0.999999821186 0.0 -5.88168010632 -41.0044906432 5.23300514431 1.0</transform>
				</node>
				<node type="NodeReference" id="1873181629" name="shelter_light_18">
					<reference>../worlds/library_objects/lights/shelter_light.node</reference>
					<transform>-0.224951340255 -0.97436988201 0 0.0 0.974369822405 -0.224951340255 0 0.0 0 0 0.999999821186 0.0 -4.14310543915 -33.4739075142 5.23300514431 1.0</transform>
				</node>
				<node type="NodeReference" id="1620818565" name="shelter_light_19">
					<reference>../worlds/library_objects/lights/shelter_light.node</reference>
					<transform>-0.224951265749 -0.97436988201 0 0.0 0.9743697628 -0.224951235947 0 0.0 0 0 0.999999880791 0.0 -2.10852870693 -24.6612004651 5.23300514431 1.0</transform>
				</node>
				<node type="NodeReference" id="1460867762" name="shelter_light_20">
					<reference>../worlds/library_objects/lights/shelter_light.node</reference>
					<transform>-0.224951265749 -0.97436988201 0 0.0 0.9743697628 -0.224951235947 0 0.0 0 0 0.999999880791 0.0 -0.429394518851 -17.3880819658 5.23300514431 1.0</transform>
				</node>
				<node type="NodeReference" id="725626273" name="shelter_light_21">
					<reference>../worlds/library_objects/lights/shelter_light.node</reference>
					<transform>-0.224951265749 -0.97436988201 0 0.0 0.9743697628 -0.224951235947 0 0.0 0 0 0.999999880791 0.0 1.59358371672 -8.62561344499 5.23300514431 1.0</transform>
				</node>
				<node type="NodeReference" id="513437540" name="shelter_light_22">
					<reference>../worlds/library_objects/lights/shelter_light.node</reference>
					<transform>-0.224951265749 -0.97436988201 0 0.0 0.9743697628 -0.224951235947 0 0.0 0 0 0.999999880791 0.0 3.28880755578 -1.28280312148 5.23300514431 1.0</transform>
				</node>
			</node>
			<node type="NodeDummy" id="1903391463" folded="1" name="light_02">
				<transform>-0.224951338334 0.974369983018 0 0.0 -0.974369863809 -0.224951368136 0 0.0 0 0 1.0000000596 0.0 -182.581078852 -12.9593681568 2.33513085256 1.0</transform>
				<node type="NodeReference" id="731178649" name="shelter_light_0">
					<reference>../worlds/library_objects/lights/shelter_light.node</reference>
					<transform>-0.224951370058 -0.974370001219 0 0.0 0.97436988201 -0.224951340255 0 0.0 0 0 1 0.0 -24.3415677106 -177.083080828 5.23300514431 1.0</transform>
				</node>
				<node type="NodeReference" id="1626082155" name="shelter_light_1">
					<reference>../worlds/library_objects/lights/shelter_light.node</reference>
					<transform>-0.224951340255 -0.97436988201 0 0.0 0.974369822405 -0.224951340255 0 0.0 0 0 0.999999821186 0.0 -22.7136311753 -169.208212878 5.23300414431 1.0</transform>
				</node>
				<node type="NodeReference" id="1873637326" name="shelter_light_2">
					<reference>../worlds/library_objects/lights/shelter_light.node</reference>
					<transform>-0.224951340255 -0.97436988201 0 0.0 0.974369822405 -0.224951340255 0 0.0 0 0 0.999999821186 0.0 -20.8166541348 -160.85502858 5.23300514431 1.0</transform>
				</node>
				<node type="NodeReference" id="1967316505" name="shelter_light_3">
					<reference>../worlds/library_objects/lights/shelter_light.node</reference>
					<transform>-0.224951340255 -0.97436988201 0 0.0 0.974369822405 -0.224951340255 0 0.0 0 0 0.999999821186 0.0 -18.918805695 -152.518396257 5.23300514431 1.0</transform>
				</node>
				<node type="NodeReference" id="314298652" name="shelter_light_4">
					<reference>../worlds/library_objects/lights/shelter_light.node</reference>
					<transform>-0.224951340255 -0.97436988201 0 0.0 0.974369822405 -0.224951340255 0 0.0 0 0 0.999999821186 0.0 -16.9999820926 -144.274398698 5.23300514431 1.0</transform>
				</node>
				<node type="NodeReference" id="892054786" name="shelter_light_5">
					<reference>../worlds/library_objects/lights/shelter_light.node</reference>
					<transform>-0.224951340255 -0.97436988201 0 0.0 0.974369822405 -0.224951340255 0 0.0 0 0 0.999999821186 0.0 -15.1348436063 -136.067615397 5.23300514431 1.0</transform>
				</node>
				<node type="NodeReference" id="553388196" name="shelter_light_6">
					<reference>../worlds/library_objects/lights/shelter_light.node</reference>
					<transform>-0.224951340255 -0.97436988201 0 0.0 0.974369822405 -0.224951340255 0 0.0 0 0 0.999999821186 0.0 -13.0981376929 -127.948068516 5.23300514431 1.0</transform>
				</node>
				<node type="NodeReference" id="1561119984" name="shelter_light_7">
					<reference>../worlds/library_objects/lights/shelter_light.node</reference>
					<transform>-0.224951340255 -0.97436988201 0 0.0 0.974369822405 -0.224951340255 0 0.0 0 0 0.999999821186 0.0 -11.1847584252 -119.66017085 5.23300514431 1.0</transform>
				</node>
				<node type="NodeReference" id="1699867457" name="shelter_light_8">
					<reference>../worlds/library_objects/lights/shelter_light.node</reference>
					<transform>-0.224951340255 -0.97436988201 0 0.0 0.974368689917 -0.224951072034 0 0.0 0 0 1.00000590086 0.0 -9.2617376817 -111.330510683 5.23300514431 1.0</transform>
				</node>
				<node type="NodeReference" id="1119380562" name="shelter_light_9">
					<reference>../worlds/library_objects/lights/shelter_light.node</reference>
					<transform>-0.224951340255 -0.97436988201 0 0.0 0.974369822405 -0.224951340255 0 0.0 0 0 0.999999821186 0.0 -7.27982530552 -102.745758477 5.23300514431 1.0</transform>
				</node>
				<node type="NodeReference" id="1611949212" name="shelter_light_10">
					<reference>../worlds/library_objects/lights/shelter_light.node</reference>
					<transform>-0.224951340255 -0.97436988201 0 0.0 0.974369822405 -0.224951340255 0 0.0 0 0 0.999999821186 0.0 -5.2428724025 -93.922595458 5.23300514431 1.0</transform>
				</node>
				<node type="NodeReference" id="1321611220" name="shelter_light_11">
					<reference>../worlds/library_objects/lights/shelter_light.node</reference>
					<transform>-0.224951340255 -0.97436988201 0 0.0 0.974369822405 -0.224951340255 0 0.0 0 0 0.999999821186 0.0 -3.37157850308 -85.8169926827 5.23300514431 1.0</transform>
				</node>
				<node type="NodeReference" id="1056090442" name="shelter_light_12">
					<reference>../worlds/library_objects/lights/shelter_light.node</reference>
					<transform>-0.224951340255 -0.97436988201 0 0.0 0.974369822405 -0.224951340255 0 0.0 0 0 0.999999821186 0.0 -1.5210580239 -77.8013710287 5.23300514431 1.0</transform>
				</node>
				<node type="NodeReference" id="1894722805" name="shelter_light_13">
					<reference>../worlds/library_objects/lights/shelter_light.node</reference>
					<transform>-0.224951340255 -0.97436988201 0 0.0 0.974369822405 -0.224951340255 0 0.0 0 0 0.999999821186 0.0 0.348663492883 -69.7025791042 5.23300514431 1.0</transform>
				</node>
				<node type="NodeReference" id="1405318108" name="shelter_light_14">
					<reference>../worlds/library_objects/lights/shelter_light.node</reference>
					<transform>-0.224951340255 -0.97436988201 0 0.0 0.974369822405 -0.224951340255 0 0.0 0 0 0.999999821186 0.0 2.21477370868 -61.6194297139 5.23300514431 1.0</transform>
				</node>
				<node type="NodeReference" id="459299746" name="shelter_light_16">
					<reference>../worlds/library_objects/lights/shelter_light.node</reference>
					<transform>-0.224951340255 -0.97436988201 0 0.0 0.974369822405 -0.224951340255 0 0.0 0 0 0.999999821186 0.0 4.08609167719 -53.5137226825 5.23300514431 1.0</transform>
				</node>
				<node type="NodeReference" id="241252093" name="shelter_light_17">
					<reference>../worlds/library_objects/lights/shelter_light.node</reference>
					<transform>-0.224951340255 -0.97436988201 0 0.0 0.974368689917 -0.224951072034 0 0.0 0 0 1.00000590086 0.0 6.32347166658 -43.8223997698 5.23300514431 1.0</transform>
				</node>
				<node type="NodeReference" id="991196106" name="shelter_light_18">
					<reference>../worlds/library_objects/lights/shelter_light.node</reference>
					<transform>-0.224951340255 -0.97436988201 0 0.0 0.974368689917 -0.224951072034 0 0.0 0 0 1.00000590086 0.0 8.06201408729 -36.2918166409 5.23300514431 1.0</transform>
				</node>
				<node type="NodeReference" id="1954503049" name="shelter_light_19">
					<reference>../worlds/library_objects/lights/shelter_light.node</reference>
					<transform>-0.224951340255 -0.97436988201 0 0.0 0.974369822405 -0.224951340255 0 0.0 0 0 0.999999821186 0.0 10.0965530829 -27.4791095919 5.23300514431 1.0</transform>
				</node>
				<node type="NodeReference" id="741186043" name="shelter_light_20">
					<reference>../worlds/library_objects/lights/shelter_light.node</reference>
					<transform>-0.224951340255 -0.97436988201 0 0.0 0.974369822405 -0.224951340255 0 0.0 0 0 0.999999821186 0.0 11.775656127 -20.2059910927 5.23300514431 1.0</transform>
				</node>
				<node type="NodeReference" id="394424228" name="shelter_light_21">
					<reference>../worlds/library_objects/lights/shelter_light.node</reference>
					<transform>-0.224951340255 -0.97436988201 0 0.0 0.974369822405 -0.224951340255 0 0.0 0 0 0.999999821186 0.0 13.7985968411 -11.443522572 5.23300514431 1.0</transform>
				</node>
				<node type="NodeReference" id="877403124" name="shelter_light_22">
					<reference>../worlds/library_objects/lights/shelter_light.node</reference>
					<transform>-0.224951340255 -0.97436988201 0 0.0 0.974369822405 -0.224951340255 0 0.0 0 0 0.999999821186 0.0 15.4937892378 -4.10071224855 5.23300514431 1.0</transform>
				</node>
			</node>
			<node type="LightEnvironmentProbe" id="257715921" name="station_probe">
				<attenuation_distance>5 5 5</attenuation_distance>
				<is_dynamic>0</is_dynamic>
				<is_local_space>0</is_local_space>
				<is_sky_cutout>0</is_sky_cutout>
				<is_box_projection>1</is_box_projection>
				<is_box_gi>1</is_box_gi>
				<box_gloss_corners>1</box_gloss_corners>
				<box_size>27.9339828 192.135376 7.11029291</box_size>
				<is_sun_light_color>0</is_sun_light_color>
				<grab_offset>0 0 0</grab_offset>
				<reflection_update>1</reflection_update>
				<reflection_mask>0xffffffff</reflection_mask>
				<resolution>-1</resolution>
				<zfar>10000</zfar>
				<znear>0.100000001</znear>
				<supersampling>-1</supersampling>
				<reflection_intensity>1</reflection_intensity>
				<reflection_color>1 1 1 1</reflection_color>
				<ambient_intensity>1</ambient_intensity>
				<ambient_color>1 1 1 1</ambient_color>
				<ambient_contrast>1</ambient_contrast>
				<texture>../worlds/mmrbem/graphics/stations/texture/station_probe.dds</texture>
				<attenuation_power>0.400000006</attenuation_power>
				<shadow_bias>1</shadow_bias>
				<shadow_screen_space>0</shadow_screen_space>
				<shadow_screen_space_num_rays>8</shadow_screen_space_num_rays>
				<shadow_screen_space_num_steps>8</shadow_screen_space_num_steps>
				<shadow_screen_space_noise_ray>1</shadow_screen_space_noise_ray>
				<shadow_screen_space_noise_step>0.5</shadow_screen_space_noise_step>
				<shadow_screen_space_step_size>0.5</shadow_screen_space_step_size>
				<shadow_screen_space_threshold>1</shadow_screen_space_threshold>
				<shadow_screen_space_softness>0.400000006</shadow_screen_space_softness>
				<transform>-2.37568669487e-007 -0.99999901395 0 0.0 0.999997920972 -2.3788237774e-007 0 0.0 0 0 0.99999833107 0.0 -93.2483174461 -2.01503332075 2.93210517703 1.0</transform>
			</node>
		</node>
		<node id="260128434" type="ObjectMeshDynamic" name="rain_deflector_2">
			<object_surface name="plane" begin="0" end="6"/>
			<vertex type="float" num_vertex="4" offset="0" size="3">-10 -90 0 10 -90 0 -10 90 0 10 90 0</vertex>
			<vertex type="float" num_vertex="4" offset="16" size="4">0 1 0 0 1 1 0 0 0 0 0 0 1 0 0 0</vertex>
			<vertex type="float" num_vertex="4" offset="32" size="4">-0 -0 -0 -1 -0 -0 -0 -1 -0 -0 -0 -1 -0 -0 -0 -1</vertex>
			<vertex type="float" num_vertex="4" offset="48" size="4">1 1 1 1 1 1 1 1 1 1 1 1 1 1 1 1</vertex>
			<indices num_indices="6">0 1 3 3 2 0</indices>
			<surface name="plane" cast_shadow="0" cast_world_shadow="0" viewport_mask="0x0" intersection_mask="0xffffffff" material="401e90ccd85f4f2bb97c19ab9e1351325c4012eb" property="surface_base"/>
			<transform>-1.81511649044e-007 1.04609783021 0 0.0 -1.04609762331 -1.68671877687e-007 0 0.0 0 0 1.04609704567 0.0 -93.4009498986 -3.58364375338 11.5314528341 1.0</transform>
		</node>
		<node type="NodeReference" id="275143356" name="psd_control_panel_1">
			<reference>../worlds/mmrbem/graphics/stations/psd_control_panel_01.node</reference>
			<transform>0.999999707821 -0.00104726593846 0 0.0 0.00104721839842 0.999999672075 0 0.0 0 0 1.0000000596 0.0 -26.1484080406 1.17149489237 1.10393460164 1.0</transform>
		</node>
		<node type="NodeReference" id="1554170799" name="psd_control_panel_3">
			<reference>../worlds/mmrbem/graphics/stations/psd_control_panel_03.node</reference>
			<transform>0.999999707821 -0.00104726593846 0 0.0 0.00104721839842 0.999999672075 0 0.0 0 0 1.0000000596 0.0 -160.929748785 1.16750979043 1.10283960158 1.0</transform>
		</node>
		<node type="NodeReference" id="402232080" name="psd_control_panel_2">
			<reference>../worlds/mmrbem/graphics/stations/psd_control_panel_01.node</reference>
			<transform>-0.999999468987 0.00104774256789 0 0.0 -0.0010477307492 -0.999999385526 0 0.0 0 0 0.999999940395 0.0 -160.927915222 -7.67199903708 1.18508360098 1.0</transform>
		</node>
		<node type="NodeReference" id="626212314" name="psd_control_panel_4">
			<reference>../worlds/mmrbem/graphics/stations/psd_control_panel_03.node</reference>
			<transform>-0.999999671581 0.00104781426995 0 0.0 -0.00104780245126 -0.99999958812 0 0.0 0 0 1.0000000596 0.0 -26.1477184922 -7.66938659176 1.16106060074 1.0</transform>
		</node>
		<node type="NodeReference" id="647177835" name="psd_control_panel_75">
			<reference>../worlds/mmrbem/graphics/stations/psd_control_panel_01.node</reference>
			<transform>0.999999707821 -0.00104726593846 0 0.0 0.00104721839842 0.999999672075 0 0.0 0 0 1.0000000596 0.0 -3.45231772932 1.14772604311 1.10393460164 1.0</transform>
		</node>
		<node type="NodeReference" id="2116710497" name="psd_control_panel_80">
			<reference>../worlds/mmrbem/graphics/stations/psd_control_panel_03.node</reference>
			<transform>-0.999999635859 0.0010477665551 0 0.0 -0.0010477427428 -0.999999468962 0 0.0 0 0 0.999999940395 0.0 -3.51106472126 -7.64302367431 1.16106060074 1.0</transform>
		</node>
		<node type="NodeReference" id="2084877771" name="psd_control_panel_81">
			<reference>../worlds/mmrbem/graphics/stations/psd_control_panel_03.node</reference>
			<transform>0.999999707821 -0.00104726593846 0 0.0 0.00104721839842 0.999999672075 0 0.0 0 0 1.0000000596 0.0 -183.476031141 1.19112175088 1.10283960158 1.0</transform>
		</node>
		<node type="NodeReference" id="1594956726" name="psd_control_panel_82">
			<reference>../worlds/mmrbem/graphics/stations/psd_control_panel_01.node</reference>
			<transform>-0.999999671581 0.00104781426995 0 0.0 -0.00104780245126 -0.99999958812 0 0.0 0 0 0.999998748302 0.0 -183.531159568 -7.64832752039 1.18508360095 1.0</transform>
		</node>
	</node>
	<node type="NodeReference" id="2118094072" folded="1" name="upper_dahisar">
		<reference>../worlds/mmrbem/graphics/stations/upper_dahisar.node</reference>
		<transform>1.0000000596 0 0 0.0 0 1.0000000596 0 0.0 0 0 1 0.0 6781.59280843 37567.4464784 -14.0020008346 1.0</transform>
		<node type="NodeDummy" id="979715416" enabled="0" folded="1" name="UPD_lights">
			<transform>-0.939692374454 0.342020233991 0 0.0 -0.342020204189 -0.939692255244 0 0.0 0 0 0.999999940396 0.0 0.000191569986782 -0.000478399975691 8.3460000333e-007 1.0</transform>
			<node type="LightEnvironmentProbe" id="1378854443" name="Prob">
				<attenuation_distance>600 600 600</attenuation_distance>
				<is_dynamic>0</is_dynamic>
				<is_local_space>0</is_local_space>
				<is_sky_cutout>0</is_sky_cutout>
				<is_box_projection>0</is_box_projection>
				<is_box_gi>1</is_box_gi>
				<box_gloss_corners>1</box_gloss_corners>
				<box_size>1 1 1</box_size>
				<is_sun_light_color>0</is_sun_light_color>
				<grab_offset>0 0 0</grab_offset>
				<reflection_update>1</reflection_update>
				<reflection_mask>0xffffffff</reflection_mask>
				<resolution>-1</resolution>
				<zfar>10000</zfar>
				<znear>0.100000001</znear>
				<supersampling>-1</supersampling>
				<reflection_intensity>0.200000003</reflection_intensity>
				<reflection_color>1 1 1 1</reflection_color>
				<ambient_intensity>0.800000012</ambient_intensity>
				<ambient_color>0.521568656 0.631372571 0.776470661 1</ambient_color>
				<ambient_contrast>0.505999982</ambient_contrast>
				<texture>core/textures/common/environment_default.dds</texture>
				<color>0.713725507 0.772549093 0.839215755 1</color>
				<shadow_bias>1</shadow_bias>
				<shadow_screen_space>0</shadow_screen_space>
				<shadow_screen_space_num_rays>8</shadow_screen_space_num_rays>
				<shadow_screen_space_num_steps>8</shadow_screen_space_num_steps>
				<shadow_screen_space_noise_ray>1</shadow_screen_space_noise_ray>
				<shadow_screen_space_noise_step>0.5</shadow_screen_space_noise_step>
				<shadow_screen_space_step_size>0.5</shadow_screen_space_step_size>
				<shadow_screen_space_threshold>1</shadow_screen_space_threshold>
				<shadow_screen_space_softness>0.400000006</shadow_screen_space_softness>
				<transform>1 2.77555756156e-017 0 0.0 2.77555756156e-017 1 0 0.0 0 0 1 0.0 -90.9663300171 -3.41019030811 1.17179060967 1.0</transform>
			</node>
			<node type="NodeDummy" id="437509183" folded="1" name="light_01">
				<transform>-0.224951338334 0.974369983018 0 0.0 -0.974369863809 -0.224951368136 0 0.0 0 0 1.0000000596 0.0 -182.581078852 -12.9593681568 2.33513085256 1.0</transform>
				<node type="NodeReference" id="23036558" name="shelter_light_0">
					<reference>../worlds/library_objects/lights/shelter_light.node</reference>
					<transform>-0.224951377544 -0.974370057636 0 0.0 0.974369816474 -0.224951332689 0 0.0 0 0 0.999999880795 0.0 -37.1012535819 -174.844589902 5.23299814431 1.0</transform>
				</node>
				<node type="NodeReference" id="1241109350" name="shelter_light_1">
					<reference>../worlds/library_objects/lights/shelter_light.node</reference>
					<transform>-0.224951236382 -0.974369740042 0 0.0 0.974369558041 -0.224951184264 0 0.0 0 0 0.999999880795 0.0 -35.851534677 -166.868517938 5.23300514431 1.0</transform>
				</node>
				<node type="NodeReference" id="515594960" name="shelter_light_2">
					<reference>../worlds/library_objects/lights/shelter_light.node</reference>
					<transform>-0.224951236382 -0.974369740042 0 0.0 0.974369558041 -0.224951184264 0 0.0 0 0 0.999999880795 0.0 -34.4709706743 -158.394583865 5.23300014431 1.0</transform>
				</node>
				<node type="NodeReference" id="281286898" name="shelter_light_3">
					<reference>../worlds/library_objects/lights/shelter_light.node</reference>
					<transform>-0.224951236382 -0.974369740042 0 0.0 0.974369558041 -0.224951184264 0 0.0 0 0 0.999999880795 0.0 -33.0233932524 -149.893308545 5.23300214431 1.0</transform>
				</node>
				<node type="NodeReference" id="1017232116" name="shelter_light_4">
					<reference>../worlds/library_objects/lights/shelter_light.node</reference>
					<transform>-0.224951236382 -0.974369740042 0 0.0 0.974369558041 -0.224951184264 0 0.0 0 0 0.999999880795 0.0 -31.5225516732 -141.415321387 5.23300114431 1.0</transform>
				</node>
				<node type="NodeReference" id="1055799788" name="shelter_light_5">
					<reference>../worlds/library_objects/lights/shelter_light.node</reference>
					<transform>-0.224951236382 -0.974369740042 0 0.0 0.974369558041 -0.224951184264 0 0.0 0 0 0.999999880795 0.0 -29.9768023787 -133.100863334 5.23300314431 1.0</transform>
				</node>
				<node type="NodeReference" id="1534266806" name="shelter_light_6">
					<reference>../worlds/library_objects/lights/shelter_light.node</reference>
					<transform>-0.224951236382 -0.974369740042 0 0.0 0.974369558041 -0.224951184264 0 0.0 0 0 0.999999880795 0.0 -28.3919266609 -124.749029086 5.23300114431 1.0</transform>
				</node>
				<node type="NodeReference" id="512603239" name="shelter_light_7">
					<reference>../worlds/library_objects/lights/shelter_light.node</reference>
					<transform>-0.224951236382 -0.974369740042 0 0.0 0.974369558041 -0.224951184264 0 0.0 0 0 0.999999880795 0.0 -26.7309331595 -116.376392074 5.23300514431 1.0</transform>
				</node>
				<node type="NodeReference" id="764563750" name="shelter_light_8">
					<reference>../worlds/library_objects/lights/shelter_light.node</reference>
					<transform>-0.224951317859 -0.974369810099 0 0.0 0.974369687258 -0.224951258477 0 0.0 0 0 0.999999821191 0.0 -24.990407046 -107.92139273 5.23300414431 1.0</transform>
				</node>
				<node type="NodeReference" id="218043953" name="shelter_light_9">
					<reference>../worlds/library_objects/lights/shelter_light.node</reference>
					<transform>-0.224951236382 -0.974369740042 0 0.0 0.974369558041 -0.224951184264 0 0.0 0 0 0.999999880795 0.0 -23.0980712163 -99.2356580372 5.23300214431 1.0</transform>
				</node>
				<node type="NodeReference" id="372068538" name="shelter_light_10">
					<reference>../worlds/library_objects/lights/shelter_light.node</reference>
					<transform>-0.224951236382 -0.974369740042 0 0.0 0.974369558041 -0.224951184264 0 0.0 0 0 0.999999880795 0.0 -21.0639728216 -90.3686373258 5.23300114431 1.0</transform>
				</node>
				<node type="NodeReference" id="1816114288" name="shelter_light_11">
					<reference>../worlds/library_objects/lights/shelter_light.node</reference>
					<transform>-0.224951236382 -0.974369740042 0 0.0 0.974369558041 -0.224951184264 0 0.0 0 0 0.999999880795 0.0 -19.1276878525 -82.2207785551 5.23300214431 1.0</transform>
				</node>
				<node type="NodeReference" id="438359657" name="shelter_light_12">
					<reference>../worlds/library_objects/lights/shelter_light.node</reference>
					<transform>-0.224951236382 -0.974369740042 0 0.0 0.974369558041 -0.224951184264 0 0.0 0 0 0.999999880795 0.0 -17.1166202518 -74.0911638448 5.23300514431 1.0</transform>
				</node>
				<node type="NodeReference" id="641622322" name="shelter_light_13">
					<reference>../worlds/library_objects/lights/shelter_light.node</reference>
					<transform>-0.224951236382 -0.974369740042 0 0.0 0.974369558041 -0.224951184264 0 0.0 0 0 0.999999880795 0.0 -15.053404717 -65.9748169203 5.23300314431 1.0</transform>
				</node>
				<node type="NodeReference" id="1590291649" name="shelter_light_14">
					<reference>../worlds/library_objects/lights/shelter_light.node</reference>
					<transform>-0.224951236382 -0.974369740042 0 0.0 0.974369558041 -0.224951184264 0 0.0 0 0 0.999999880795 0.0 -12.933260669 -57.8923197066 5.23300614431 1.0</transform>
				</node>
				<node type="NodeReference" id="406529804" name="shelter_light_16">
					<reference>../worlds/library_objects/lights/shelter_light.node</reference>
					<transform>-0.224951236382 -0.974369740042 0 0.0 0.974369558041 -0.224951184264 0 0.0 0 0 0.999999880795 0.0 -10.7240289772 -49.8014502885 5.23300314431 1.0</transform>
				</node>
				<node type="NodeReference" id="484380163" name="shelter_light_17">
					<reference>../worlds/library_objects/lights/shelter_light.node</reference>
					<transform>-0.224951317859 -0.974369810099 0 0.0 0.974369687258 -0.224951258477 0 0.0 0 0 0.999999821191 0.0 -7.99004856348 -40.1288362621 5.23300414431 1.0</transform>
				</node>
				<node type="NodeReference" id="303890863" name="shelter_light_18">
					<reference>../worlds/library_objects/lights/shelter_light.node</reference>
					<transform>-0.224951317859 -0.974369810099 0 0.0 0.974369687258 -0.224951258477 0 0.0 0 0 0.999999821191 0.0 -5.82996197278 -32.6169520935 5.23300814431 1.0</transform>
				</node>
				<node type="NodeReference" id="407724342" name="shelter_light_19">
					<reference>../worlds/library_objects/lights/shelter_light.node</reference>
					<transform>-0.224951236382 -0.974369740042 0 0.0 0.974369558041 -0.224951184264 0 0.0 0 0 0.999999880795 0.0 -3.20586907223 -23.9144471142 5.23300714431 1.0</transform>
				</node>
				<node type="NodeReference" id="1355386751" name="shelter_light_20">
					<reference>../worlds/library_objects/lights/shelter_light.node</reference>
					<transform>-0.224951236382 -0.974369740042 0 0.0 0.974369558041 -0.224951184264 0 0.0 0 0 0.999999880795 0.0 -0.992498864252 -16.7047481393 5.23300214431 1.0</transform>
				</node>
				<node type="NodeReference" id="537391169" name="shelter_light_21">
					<reference>../worlds/library_objects/lights/shelter_light.node</reference>
					<transform>-0.224951236382 -0.974369740042 0 0.0 0.974369558041 -0.224951184264 0 0.0 0 0 0.999999880795 0.0 1.72561644553 -8.0801410086 5.23300514431 1.0</transform>
				</node>
				<node type="NodeReference" id="1803014957" name="shelter_light_22">
					<reference>../worlds/library_objects/lights/shelter_light.node</reference>
					<transform>-0.224951236382 -0.974369740042 0 0.0 0.974369558041 -0.224951184264 0 0.0 0 0 0.999999880795 0.0 4.10483538984 -0.81262918994 5.23300614431 1.0</transform>
				</node>
			</node>
			<node type="NodeDummy" id="2078466053" folded="1" name="light_02">
				<transform>-0.224951338334 0.974369983018 0 0.0 -0.974369863809 -0.224951368136 0 0.0 0 0 1.0000000596 0.0 -182.581078852 -12.9593681568 2.33513085256 1.0</transform>
				<node type="NodeReference" id="1335824599" name="shelter_light_0">
					<reference>../worlds/library_objects/lights/shelter_light.node</reference>
					<transform>-0.224951392071 -0.974369939315 0 0.0 0.974369753682 -0.224951310373 0 0.0 0 0 0.9999999404 0.0 -24.7116579795 -176.655090104 5.23300614639 1.0</transform>
				</node>
				<node type="NodeReference" id="754111541" name="shelter_light_1">
					<reference>../worlds/library_objects/lights/shelter_light.node</reference>
					<transform>-0.224951317859 -0.974369810099 0 0.0 0.974369687258 -0.224951258477 0 0.0 0 0 0.999999821191 0.0 -23.4947934016 -168.784428795 5.23300614431 1.0</transform>
				</node>
				<node type="NodeReference" id="703599649" name="shelter_light_2">
					<reference>../worlds/library_objects/lights/shelter_light.node</reference>
					<transform>-0.224951317859 -0.974369810099 0 0.0 0.974369687258 -0.224951258477 0 0.0 0 0 0.999999821191 0.0 -22.09948563 -160.420106843 5.23300514431 1.0</transform>
				</node>
				<node type="NodeReference" id="1882387542" name="shelter_light_3">
					<reference>../worlds/library_objects/lights/shelter_light.node</reference>
					<transform>-0.224951317859 -0.974369810099 0 0.0 0.974369687258 -0.224951258477 0 0.0 0 0 0.999999821191 0.0 -20.661665374 -152.011591174 5.23300414431 1.0</transform>
				</node>
				<node type="NodeReference" id="2112927118" name="shelter_light_4">
					<reference>../worlds/library_objects/lights/shelter_light.node</reference>
					<transform>-0.224951317859 -0.974369810099 0 0.0 0.974369687258 -0.224951258477 0 0.0 0 0 0.999999821191 0.0 -19.1730163565 -143.645652901 5.23300514431 1.0</transform>
				</node>
				<node type="NodeReference" id="1125967192" name="shelter_light_5">
					<reference>../worlds/library_objects/lights/shelter_light.node</reference>
					<transform>-0.224951317859 -0.974369810099 0 0.0 0.974369687258 -0.224951258477 0 0.0 0 0 0.999999821191 0.0 -17.6653853565 -135.422704475 5.23300714431 1.0</transform>
				</node>
				<node type="NodeReference" id="1338960266" name="shelter_light_6">
					<reference>../worlds/library_objects/lights/shelter_light.node</reference>
					<transform>-0.224951317859 -0.974369810099 0 0.0 0.974369687258 -0.224951258477 0 0.0 0 0 0.999999821191 0.0 -16.1107553788 -127.169779468 5.23300914431 1.0</transform>
				</node>
				<node type="NodeReference" id="312908833" name="shelter_light_7">
					<reference>../worlds/library_objects/lights/shelter_light.node</reference>
					<transform>-0.224951317859 -0.974369810099 0 0.0 0.974369687258 -0.224951258477 0 0.0 0 0 0.999999821191 0.0 -14.4636456651 -118.909412709 5.23300514431 1.0</transform>
				</node>
				<node type="NodeReference" id="838841917" name="shelter_light_8">
					<reference>../worlds/library_objects/lights/shelter_light.node</reference>
					<transform>-0.224951317859 -0.974369810099 0 0.0 0.974368637947 -0.224951027002 0 0.0 0 0 1.00000578166 0.0 -12.7278367093 -110.558128793 5.23300814433 1.0</transform>
				</node>
				<node type="NodeReference" id="1989794561" name="shelter_light_9">
					<reference>../worlds/library_objects/lights/shelter_light.node</reference>
					<transform>-0.224951317859 -0.974369810099 0 0.0 0.974369687258 -0.224951258477 0 0.0 0 0 0.999999821191 0.0 -10.8730611324 -101.97740932 5.23300614431 1.0</transform>
				</node>
				<node type="NodeReference" id="1117120545" name="shelter_light_10">
					<reference>../worlds/library_objects/lights/shelter_light.node</reference>
					<transform>-0.224951317859 -0.974369810099 0 0.0 0.974369687258 -0.224951258477 0 0.0 0 0 0.999999821191 0.0 -8.88524929065 -93.1984806732 5.23300814431 1.0</transform>
				</node>
				<node type="NodeReference" id="761882566" name="shelter_light_11">
					<reference>../worlds/library_objects/lights/shelter_light.node</reference>
					<transform>-0.224951317859 -0.974369810099 0 0.0 0.974369687258 -0.224951258477 0 0.0 0 0 0.999999821191 0.0 -6.97840443665 -85.1605290261 5.23300714431 1.0</transform>
				</node>
				<node type="NodeReference" id="530369184" name="shelter_light_12">
					<reference>../worlds/library_objects/lights/shelter_light.node</reference>
					<transform>-0.224951317859 -0.974369810099 0 0.0 0.974369687258 -0.224951258477 0 0.0 0 0 0.999999821191 0.0 -4.98039997322 -77.1265034102 5.23300614431 1.0</transform>
				</node>
				<node type="NodeReference" id="336216279" name="shelter_light_13">
					<reference>../worlds/library_objects/lights/shelter_light.node</reference>
					<transform>-0.224951317859 -0.974369810099 0 0.0 0.974369687258 -0.224951258477 0 0.0 0 0 0.999999821191 0.0 -2.94093065694 -69.1107774641 5.23300814431 1.0</transform>
				</node>
				<node type="NodeReference" id="1600773797" name="shelter_light_14">
					<reference>../worlds/library_objects/lights/shelter_light.node</reference>
					<transform>-0.224951317859 -0.974369810099 0 0.0 0.974369687258 -0.224951258477 0 0.0 0 0 0.999999821191 0.0 -0.810195974336 -61.1227322292 5.23300714431 1.0</transform>
				</node>
				<node type="NodeReference" id="449698380" name="shelter_light_16">
					<reference>../worlds/library_objects/lights/shelter_light.node</reference>
					<transform>-0.224951317859 -0.974369810099 0 0.0 0.974369687258 -0.224951258477 0 0.0 0 0 0.999999821191 0.0 1.34901038319 -53.1475873899 5.23300714431 1.0</transform>
				</node>
				<node type="NodeReference" id="217815096" name="shelter_light_17">
					<reference>../worlds/library_objects/lights/shelter_light.node</reference>
					<transform>-0.224951317859 -0.974369810099 0 0.0 0.974368637947 -0.224951027002 0 0.0 0 0 1.00000578166 0.0 4.05570496355 -43.595714561 5.23300614432 1.0</transform>
				</node>
				<node type="NodeReference" id="1060393475" name="shelter_light_18">
					<reference>../worlds/library_objects/lights/shelter_light.node</reference>
					<transform>-0.224951317859 -0.974369810099 0 0.0 0.974368637947 -0.224951027002 0 0.0 0 0 1.00000578166 0.0 6.18654216336 -36.1795081587 5.23300714432 1.0</transform>
				</node>
				<node type="NodeReference" id="374214424" name="shelter_light_19">
					<reference>../worlds/library_objects/lights/shelter_light.node</reference>
					<transform>-0.224951317859 -0.974369810099 0 0.0 0.974369687258 -0.224951258477 0 0.0 0 0 0.999999821191 0.0 8.78720281479 -27.5708753577 5.23301214431 1.0</transform>
				</node>
				<node type="NodeReference" id="114011326" name="shelter_light_20">
