<?xml version="1.0" encoding="utf-8"?>
<nodes version="2.5.0.2">
	<node type="NodeReference" id="1686746882" folded="1" name="esic_nagar_station">
		<reference>../worlds/mmrbem/graphics/stations/esic_nagar_station.node</reference>
		<transform>-0.997766613694 0.0667965119238 0 0.0 -0.0667965119238 -0.997766613694 0 0.0 0 0 1 0.0 2480.271 22370.168 -7.838 1.0</transform>
		<node type="NodeDummy" id="1550137600" enabled="0" folded="1" name="esic_nagar_lights">
			<transform>1 0 0 0.0 0 1 0 0.0 0 0 1 0.0 0 0 0 1.0</transform>
			<node type="LightEnvironmentProbe" id="1250794602" name="Prob">
				<attenuation_distance>600 600 600</attenuation_distance>
				<is_dynamic>0</is_dynamic>
				<is_local_space>0</is_local_space>
				<is_sky_cutout>0</is_sky_cutout>
				<is_box_projection>0</is_box_projection>
				<is_box_gi>1</is_box_gi>
				<box_gloss_corners>1</box_gloss_corners>
				<box_size>1 1 1</box_size>
				<is_sun_light_color>0</is_sun_light_color>
				<grab_offset>0 0 0</grab_offset>
				<reflection_update>1</reflection_update>
				<reflection_mask>0xffffffff</reflection_mask>
				<resolution>-1</resolution>
				<zfar>10000</zfar>
				<znear>0.100000001</znear>
				<supersampling>-1</supersampling>
				<reflection_intensity>0.200000003</reflection_intensity>
				<reflection_color>1 1 1 1</reflection_color>
				<ambient_intensity>0.800000012</ambient_intensity>
				<ambient_color>0.521568656 0.631372571 0.776470661 1</ambient_color>
				<ambient_contrast>0.505999982</ambient_contrast>
				<texture>core/textures/common/environment_default.dds</texture>
				<color>0.713725507 0.772549093 0.839215755 1</color>
				<shadow_bias>1</shadow_bias>
				<shadow_screen_space>0</shadow_screen_space>
				<shadow_screen_space_num_rays>8</shadow_screen_space_num_rays>
				<shadow_screen_space_num_steps>8</shadow_screen_space_num_steps>
				<shadow_screen_space_noise_ray>1</shadow_screen_space_noise_ray>
				<shadow_screen_space_noise_step>0.5</shadow_screen_space_noise_step>
				<shadow_screen_space_step_size>0.5</shadow_screen_space_step_size>
				<shadow_screen_space_threshold>1</shadow_screen_space_threshold>
				<shadow_screen_space_softness>0.400000006</shadow_screen_space_softness>
				<transform>1 2.77555756156e-017 0 0.0 2.77555756156e-017 1 0 0.0 0 0 1 0.0 -90.9663300171 -3.41019030811 1.17179060967 1.0</transform>
			</node>
			<node type="NodeDummy" id="1458521986" folded="1" name="light_01">
				<transform>-0.224951338334 0.974369983018 0 0.0 -0.974369863809 -0.224951368136 0 0.0 0 0 1.0000000596 0.0 -182.581078852 -12.9593681568 2.33513085256 1.0</transform>
				<node type="NodeReference" id="533044749" name="shelter_light_0">
					<reference>../worlds/library_objects/lights/shelter_light.node</reference>
					<transform>-0.224951319876 -0.974369952211 0 0.0 0.974369890658 -0.224951306928 0 0.0 0 0 0.9999999404 0.0 -36.5886367948 -174.172938119 5.27570295807 1.0</transform>
				</node>
				<node type="NodeReference" id="259158408" name="shelter_light_1">
					<reference>../worlds/library_objects/lights/shelter_light.node</reference>
					<transform>-0.224951217825 -0.974369787556 0 0.0 0.974369784845 -0.224951214376 0 0.0 0 0 1.00000000001 0.0 -34.755 -166.415 5.3 1.0</transform>
				</node>
				<node type="NodeReference" id="1124071901" name="shelter_light_2">
					<reference>../worlds/library_objects/lights/shelter_light.node</reference>
					<transform>-0.224951217825 -0.974369787556 0 0.0 0.974369784845 -0.224951214376 0 0.0 0 0 1.00000000001 0.0 -32.8129236223 -158.123946179 5.32203303803 1.0</transform>
				</node>
				<node type="NodeReference" id="230541970" name="shelter_light_3">
					<reference>../worlds/library_objects/lights/shelter_light.node</reference>
					<transform>-0.224951217825 -0.974369787556 0 0.0 0.974369784845 -0.224951214376 0 0.0 0 0 1.00000000001 0.0 -30.8865632462 -149.807881019 5.34005806913 1.0</transform>
				</node>
				<node type="NodeReference" id="576240898" name="shelter_light_4">
					<reference>../worlds/library_objects/lights/shelter_light.node</reference>
					<transform>-0.224951217825 -0.974369787556 0 0.0 0.974369784845 -0.224951214376 0 0.0 0 0 1.00000000001 0.0 -28.9344429428 -141.520463343 5.35389109301 1.0</transform>
				</node>
				<node type="NodeReference" id="822721163" name="shelter_light_5">
					<reference>../worlds/library_objects/lights/shelter_light.node</reference>
					<transform>-0.224951217825 -0.974369787556 0 0.0 0.974369784845 -0.224951214376 0 0.0 0 0 1.00000000001 0.0 -27.0531207907 -133.348938404 5.36206610712 1.0</transform>
				</node>
				<node type="NodeReference" id="1277507054" name="shelter_light_6">
					<reference>../worlds/library_objects/lights/shelter_light.node</reference>
					<transform>-0.224951217825 -0.974369787556 0 0.0 0.974369784845 -0.224951214376 0 0.0 0 0 1.00000000001 0.0 -25.1493752783 -125.126977215 5.36581211358 1.0</transform>
				</node>
				<node type="NodeReference" id="1387071141" name="shelter_light_7">
					<reference>../worlds/library_objects/lights/shelter_light.node</reference>
					<transform>-0.224951217825 -0.974369787556 0 0.0 0.974369784845 -0.224951214376 0 0.0 0 0 1.00000000001 0.0 -23.2679315723 -116.885925829 5.36704711571 1.0</transform>
				</node>
				<node type="NodeReference" id="399206638" name="shelter_light_8">
					<reference>../worlds/library_objects/lights/shelter_light.node</reference>
					<transform>-0.224951349297 -0.974369947462 0 0.0 0.974369711754 -0.224951293142 0 0.0 0 0 0.9999999404 0.0 -21.3522373795 -108.536740435 5.36774711692 1.0</transform>
				</node>
				<node type="NodeReference" id="432725320" name="shelter_light_9">
					<reference>../worlds/library_objects/lights/shelter_light.node</reference>
					<transform>-0.224951217825 -0.974369787556 0 0.0 0.974369784845 -0.224951214376 0 0.0 0 0 1.00000000001 0.0 -19.3855402769 -99.9397766018 5.36937111973 1.0</transform>
				</node>
				<node type="NodeReference" id="1954001446" name="shelter_light_10">
					<reference>../worlds/library_objects/lights/shelter_light.node</reference>
					<transform>-0.224951217825 -0.974369787556 0 0.0 0.974369784845 -0.224951214376 0 0.0 0 0 1.00000000001 0.0 -17.3882764598 -91.1416443514 5.37075612212 1.0</transform>
				</node>
				<node type="NodeReference" id="1501949584" name="shelter_light_11">
					<reference>../worlds/library_objects/lights/shelter_light.node</reference>
					<transform>-0.224951217825 -0.974369787556 0 0.0 0.974369784845 -0.224951214376 0 0.0 0 0 1.00000000001 0.0 -15.5341070711 -83.0629175027 5.37069412201 1.0</transform>
				</node>
				<node type="NodeReference" id="1305762693" name="shelter_light_12">
					<reference>../worlds/library_objects/lights/shelter_light.node</reference>
					<transform>-0.224951217825 -0.974369787556 0 0.0 0.974369784845 -0.224951214376 0 0.0 0 0 1.00000000001 0.0 -13.6982877501 -74.9646849162 5.36836111798 1.0</transform>
				</node>
				<node type="NodeReference" id="1765703872" name="shelter_light_13">
					<reference>../worlds/library_objects/lights/shelter_light.node</reference>
					<transform>-0.224951217825 -0.974369787556 0 0.0 0.974369784845 -0.224951214376 0 0.0 0 0 1.00000000001 0.0 -11.8428912613 -66.8800946686 5.36281210841 1.0</transform>
				</node>
				<node type="NodeReference" id="1539649729" name="shelter_light_14">
					<reference>../worlds/library_objects/lights/shelter_light.node</reference>
					<transform>-0.224951217825 -0.974369787556 0 0.0 0.974369784845 -0.224951214376 0 0.0 0 0 1.00000000001 0.0 -9.99600993851 -58.789513809 5.35371709271 1.0</transform>
				</node>
				<node type="NodeReference" id="2009697214" name="shelter_light_16">
					<reference>../worlds/library_objects/lights/shelter_light.node</reference>
					<transform>-0.224951217825 -0.974369787556 0 0.0 0.974369784845 -0.224951214376 0 0.0 0 0 1.00000000001 0.0 -8.12324349536 -50.7053947669 5.34193907238 1.0</transform>
				</node>
				<node type="NodeReference" id="2065438798" name="shelter_light_17">
					<reference>../worlds/library_objects/lights/shelter_light.node</reference>
					<transform>-0.224951349297 -0.974369947462 0 0.0 0.974369711754 -0.224951293142 0 0.0 0 0 0.9999999404 0.0 -5.88768050654 -41.0271135948 5.32571504438 1.0</transform>
				</node>
				<node type="NodeReference" id="1705234056" name="shelter_light_18">
					<reference>../worlds/library_objects/lights/shelter_light.node</reference>
					<transform>-0.224951349297 -0.974369947462 0 0.0 0.974369711754 -0.224951293142 0 0.0 0 0 0.9999999404 0.0 -4.15256149989 -33.4681315134 5.31247602153 1.0</transform>
				</node>
				<node type="NodeReference" id="139571539" name="shelter_light_19">
					<reference>../worlds/library_objects/lights/shelter_light.node</reference>
					<transform>-0.224951217825 -0.974369787556 0 0.0 0.974369784845 -0.224951214376 0 0.0 0 0 1.00000000001 0.0 -2.12541318049 -24.6893795954 5.29688099462 1.0</transform>
				</node>
				<node type="NodeReference" id="556853421" name="shelter_light_20">
					<reference>../worlds/library_objects/lights/shelter_light.node</reference>
					<transform>-0.224951217825 -0.974369787556 0 0.0 0.974369784845 -0.224951214376 0 0.0 0 0 1.00000000001 0.0 -0.43398972771 -17.3950998506 5.28312297087 1.0</transform>
				</node>
				<node type="NodeReference" id="910156965" name="shelter_light_21">
					<reference>../worlds/library_objects/lights/shelter_light.node</reference>
					<transform>-0.224951217825 -0.974369787556 0 0.0 0.974369784845 -0.224951214376 0 0.0 0 0 1.00000000001 0.0 1.57200715761 -8.64673153196 5.26566194074 1.0</transform>
				</node>
				<node type="NodeReference" id="2028696519" name="shelter_light_22">
					<reference>../worlds/library_objects/lights/shelter_light.node</reference>
					<transform>-0.224951217825 -0.974369787556 0 0.0 0.974369784845 -0.224951214376 0 0.0 0 0 1.00000000001 0.0 3.28055304956 -1.28053109698 5.25012591392 1.0</transform>
				</node>
			</node>
			<node type="NodeDummy" id="1708424383" folded="1" name="light_02">
				<transform>-0.224951366854 0.974369927151 0 0.0 -0.974369750727 -0.224951325174 0 0.0 0 0 1 0.0 -182.581078852 -12.9593681568 2.47980169415 1.0</transform>
				<node type="NodeReference" id="1095024524" name="shelter_light_0">
					<reference>../worlds/library_objects/lights/shelter_light.node</reference>
					<transform>-0.224951333379 -0.974369755008 0 0.0 0.974369578584 -0.224951375059 0 0.0 0 0 0.999999940395 0.0 -24.3973272084 -177.017296855 5.1279522927 1.0</transform>
				</node>
				<node type="NodeReference" id="1698671754" name="shelter_light_1">
					<reference>../worlds/library_objects/lights/shelter_light.node</reference>
					<transform>-0.224951345021 -0.974369873881 0 0.0 0.974369813956 -0.224951413054 0 0.0 0 0 0.999999821186 0.0 -22.5714574215 -169.216988367 5.1523732941 1.0</transform>
				</node>
				<node type="NodeReference" id="1382518244" name="shelter_light_2">
					<reference>../worlds/library_objects/lights/shelter_light.node</reference>
					<transform>-0.224951345021 -0.974369873881 0 0.0 0.974369813956 -0.224951413054 0 0.0 0 0 0.999999821186 0.0 -20.6188047364 -160.961361344 5.17432829535 1.0</transform>
				</node>
				<node type="NodeReference" id="1404099685" name="shelter_light_3">
					<reference>../worlds/library_objects/lights/shelter_light.node</reference>
					<transform>-0.224951345021 -0.974369873881 0 0.0 0.974369813956 -0.224951413054 0 0.0 0 0 0.999999821186 0.0 -18.6874316739 -152.632999516 5.19238529638 1.0</transform>
				</node>
				<node type="NodeReference" id="1164588072" name="shelter_light_4">
					<reference>../worlds/library_objects/lights/shelter_light.node</reference>
					<transform>-0.224951345021 -0.974369873881 0 0.0 0.974369813956 -0.224951413054 0 0.0 0 0 0.999999821186 0.0 -16.7363910234 -144.342103839 5.20622729717 1.0</transform>
				</node>
				<node type="NodeReference" id="1959710205" name="shelter_light_5">
					<reference>../worlds/library_objects/lights/shelter_light.node</reference>
					<transform>-0.224951345021 -0.974369873881 0 0.0 0.974369813956 -0.224951413054 0 0.0 0 0 0.999999821186 0.0 -14.8633776989 -136.167006346 5.21440929764 1.0</transform>
				</node>
				<node type="NodeReference" id="177754815" name="shelter_light_6">
					<reference>../worlds/library_objects/lights/shelter_light.node</reference>
					<transform>-0.224951345021 -0.974369873881 0 0.0 0.974369813956 -0.224951413054 0 0.0 0 0 0.999999821186 0.0 -12.9712482032 -127.943366899 5.21815729785 1.0</transform>
				</node>
				<node type="NodeReference" id="897048665" name="shelter_light_7">
					<reference>../worlds/library_objects/lights/shelter_light.node</reference>
					<transform>-0.224951345021 -0.974369873881 0 0.0 0.974369813956 -0.224951413054 0 0.0 0 0 0.999999821186 0.0 -11.0546345001 -119.715784976 5.21939129792 1.0</transform>
				</node>
				<node type="NodeReference" id="1628368203" name="shelter_light_8">
					<reference>../worlds/library_objects/lights/shelter_light.node</reference>
					<transform>-0.224951340255 -0.97436988201 0 0.0 0.974368689917 -0.224951072034 0 0.0 0 0 1.00000590086 0.0 -9.2617376817 -111.330510683 5.23300514431 1.0</transform>
				</node>
				<node type="NodeReference" id="575654228" name="shelter_light_9">
					<reference>../worlds/library_objects/lights/shelter_light.node</reference>
					<transform>-0.224951340255 -0.97436988201 0 0.0 0.974369822405 -0.224951340255 0 0.0 0 0 0.999999821186 0.0 -7.27982530552 -102.745758477 5.23300514431 1.0</transform>
				</node>
				<node type="NodeReference" id="904301599" name="shelter_light_10">
					<reference>../worlds/library_objects/lights/shelter_light.node</reference>
					<transform>-0.224951340255 -0.97436988201 0 0.0 0.974369822405 -0.224951340255 0 0.0 0 0 0.999999821186 0.0 -5.2428724025 -93.922595458 5.23300514431 1.0</transform>
				</node>
				<node type="NodeReference" id="997795734" name="shelter_light_11">
					<reference>../worlds/library_objects/lights/shelter_light.node</reference>
					<transform>-0.224951340255 -0.97436988201 0 0.0 0.974369822405 -0.224951340255 0 0.0 0 0 0.999999821186 0.0 -3.37157850308 -85.8169926827 5.23300514431 1.0</transform>
				</node>
				<node type="NodeReference" id="1970950070" name="shelter_light_12">
					<reference>../worlds/library_objects/lights/shelter_light.node</reference>
					<transform>-0.224951340255 -0.97436988201 0 0.0 0.974369822405 -0.224951340255 0 0.0 0 0 0.999999821186 0.0 -1.5210580239 -77.8013710287 5.23300514431 1.0</transform>
				</node>
				<node type="NodeReference" id="1347427980" name="shelter_light_13">
					<reference>../worlds/library_objects/lights/shelter_light.node</reference>
					<transform>-0.224951340255 -0.97436988201 0 0.0 0.974369822405 -0.224951340255 0 0.0 0 0 0.999999821186 0.0 0.348663492883 -69.7025791042 5.23300514431 1.0</transform>
				</node>
				<node type="NodeReference" id="1754596654" name="shelter_light_14">
					<reference>../worlds/library_objects/lights/shelter_light.node</reference>
					<transform>-0.224951340255 -0.97436988201 0 0.0 0.974369822405 -0.224951340255 0 0.0 0 0 0.999999821186 0.0 2.21477370868 -61.6194297139 5.23300514431 1.0</transform>
				</node>
				<node type="NodeReference" id="1461710690" name="shelter_light_16">
					<reference>../worlds/library_objects/lights/shelter_light.node</reference>
					<transform>-0.224951340255 -0.97436988201 0 0.0 0.974369822405 -0.224951340255 0 0.0 0 0 0.999999821186 0.0 4.08609167719 -53.5137226825 5.23300514431 1.0</transform>
				</node>
				<node type="NodeReference" id="128730557" name="shelter_light_17">
					<reference>../worlds/library_objects/lights/shelter_light.node</reference>
					<transform>-0.224951340255 -0.97436988201 0 0.0 0.974368689917 -0.224951072034 0 0.0 0 0 1.00000590086 0.0 6.32347166658 -43.8223997698 5.23300514431 1.0</transform>
				</node>
				<node type="NodeReference" id="1171689463" name="shelter_light_18">
					<reference>../worlds/library_objects/lights/shelter_light.node</reference>
					<transform>-0.224951340255 -0.97436988201 0 0.0 0.974368689917 -0.224951072034 0 0.0 0 0 1.00000590086 0.0 8.06201408729 -36.2918166409 5.23300514431 1.0</transform>
				</node>
				<node type="NodeReference" id="1478199083" name="shelter_light_19">
					<reference>../worlds/library_objects/lights/shelter_light.node</reference>
					<transform>-0.224951340255 -0.97436988201 0 0.0 0.974369822405 -0.224951340255 0 0.0 0 0 0.999999821186 0.0 10.0965530829 -27.4791095919 5.23300514431 1.0</transform>
				</node>
				<node type="NodeReference" id="1673871320" name="shelter_light_20">
					<reference>../worlds/library_objects/lights/shelter_light.node</reference>
					<transform>-0.224951340255 -0.97436988201 0 0.0 0.974369822405 -0.224951340255 0 0.0 0 0 0.999999821186 0.0 11.775656127 -20.2059910927 5.23300514431 1.0</transform>
				</node>
				<node type="NodeReference" id="1096235849" name="shelter_light_21">
					<reference>../worlds/library_objects/lights/shelter_light.node</reference>
					<transform>-0.224951340255 -0.97436988201 0 0.0 0.974369822405 -0.224951340255 0 0.0 0 0 0.999999821186 0.0 13.7985968411 -11.443522572 5.23300514431 1.0</transform>
				</node>
				<node type="NodeReference" id="726999865" name="shelter_light_22">
					<reference>../worlds/library_objects/lights/shelter_light.node</reference>
					<transform>-0.224951345021 -0.974369873881 0 0.0 0.974369813956 -0.224951413054 0 0.0 0 0 0.999999821186 0.0 15.4687809863 -4.10304322453 5.10248629125 1.0</transform>
				</node>
			</node>
			<node type="LightEnvironmentProbe" id="1646780777" name="station_probe">
				<attenuation_distance>5 5 5</attenuation_distance>
				<is_dynamic>0</is_dynamic>
				<is_local_space>0</is_local_space>
				<is_sky_cutout>0</is_sky_cutout>
				<is_box_projection>1</is_box_projection>
				<is_box_gi>1</is_box_gi>
				<box_gloss_corners>1</box_gloss_corners>
				<box_size>27.9339828 192.135376 7.11029291</box_size>
				<is_sun_light_color>0</is_sun_light_color>
				<grab_offset>0 0 0</grab_offset>
				<reflection_update>1</reflection_update>
				<reflection_mask>0xffffffff</reflection_mask>
				<resolution>-1</resolution>
				<zfar>10000</zfar>
				<znear>0.100000001</znear>
				<supersampling>-1</supersampling>
				<reflection_intensity>1</reflection_intensity>
				<reflection_color>1 1 1 1</reflection_color>
				<ambient_intensity>1</ambient_intensity>
				<ambient_color>1 1 1 1</ambient_color>
				<ambient_contrast>1</ambient_contrast>
				<texture>../worlds/mmrbem/graphics/stations/texture/station_probe.dds</texture>
				<attenuation_power>0.400000006</attenuation_power>
				<shadow_bias>1</shadow_bias>
				<shadow_screen_space>0</shadow_screen_space>
				<shadow_screen_space_num_rays>8</shadow_screen_space_num_rays>
				<shadow_screen_space_num_steps>8</shadow_screen_space_num_steps>
				<shadow_screen_space_noise_ray>1</shadow_screen_space_noise_ray>
				<shadow_screen_space_noise_step>0.5</shadow_screen_space_noise_step>
				<shadow_screen_space_step_size>0.5</shadow_screen_space_step_size>
				<shadow_screen_space_threshold>1</shadow_screen_space_threshold>
				<shadow_screen_space_softness>0.400000006</shadow_screen_space_softness>
				<transform>-2.37568669487e-007 -0.99999901395 0 0.0 0.999997920972 -2.3788237774e-007 0 0.0 0 0 0.99999833107 0.0 -93.2483174461 -2.01503332075 2.93210517703 1.0</transform>
			</node>
		</node>
		<node id="1249556512" type="ObjectMeshDynamic" name="rain_deflector">
			<object_surface name="plane" begin="0" end="6"/>
			<vertex type="float" num_vertex="4" offset="0" size="3">-10 -90 0 10 -90 0 -10 90 0 10 90 0</vertex>
			<vertex type="float" num_vertex="4" offset="16" size="4">0 1 0 0 1 1 0 0 0 0 0 0 1 0 0 0</vertex>
			<vertex type="float" num_vertex="4" offset="32" size="4">-0 -0 -0 -1 -0 -0 -0 -1 -0 -0 -0 -1 -0 -0 -0 -1</vertex>
			<vertex type="float" num_vertex="4" offset="48" size="4">1 1 1 1 1 1 1 1 1 1 1 1 1 1 1 1</vertex>
			<indices num_indices="6">0 1 3 3 2 0</indices>
			<surface name="plane" cast_shadow="0" cast_world_shadow="0" viewport_mask="0x0" intersection_mask="0xffffffff" material="401e90ccd85f4f2bb97c19ab9e1351325c4012eb" property="surface_base"/>
			<transform>-1.80356035218e-007 1.04609784371 0 0.0 -1.046097721 -1.86821798531e-007 0 0.0 0 0 1.04609710253 0.0 -93.4009498986 -3.58364375338 10.6419416171 1.0</transform>
		</node>
		<node type="NodeReference" id="952968485" name="psd_control_panel_1">
			<reference>../worlds/mmrbem/graphics/stations/psd_control_panel_01.node</reference>
			<transform>0.999999438819 -0.00104724593717 0 0.0 0.00104724991856 0.999999379347 0 0.0 0 0 0.999999940396 0.0 -26.0547530487 1.31371488282 1.16480359789 1.0</transform>
		</node>
		<node type="NodeReference" id="718881513" name="psd_control_panel_3">
			<reference>../worlds/mmrbem/graphics/stations/psd_control_panel_03.node</reference>
			<transform>0.999999380343 -0.00104726478644 0 0.0 0.00104726478644 0.999999380343 0 0.0 0 0 1 0.0 -160.929748785 1.16750979043 1.17063160163 1.0</transform>
		</node>
		<node type="NodeReference" id="904870165" name="psd_control_panel_2">
			<reference>../worlds/mmrbem/graphics/stations/psd_control_panel_01.node</reference>
			<transform>-0.999999471665 0.00104773657731 0 0.0 -0.00104773710614 -0.999999352225 0 0.0 0 0 0.999999880791 0.0 -160.927885753 -7.64387305538 1.26438759131 1.0</transform>
		</node>
		<node type="NodeReference" id="1381928488" name="psd_control_panel_4">
			<reference>../worlds/mmrbem/graphics/stations/psd_control_panel_03.node</reference>
			<transform>-0.999999594092 0.00104778065214 0 0.0 -0.00104777719958 -0.999999534123 0 0.0 0 0 0.999999880791 0.0 -26.0185720125 -7.51917381431 1.28131760095 1.0</transform>
		</node>
		<node type="NodeReference" id="2037203853" name="psd_control_panel_75">
			<reference>../worlds/mmrbem/graphics/stations/psd_control_panel_01.node</reference>
			<transform>0.999999438819 -0.00104724593717 0 0.0 0.00104724991856 0.999999379347 0 0.0 0 0 0.999999940396 0.0 -3.58450851671 1.19669450387 1.10393460164 1.0</transform>
		</node>
		<node type="NodeReference" id="1310770212" name="psd_control_panel_80">
			<reference>../worlds/mmrbem/graphics/stations/psd_control_panel_03.node</reference>
			<transform>-0.999999531137 0.00104773259593 0 0.0 -0.00104773710614 -0.999999352225 0 0.0 0 0 0.999999880791 0.0 -3.6298076655 -7.6428992634 1.18628359782 1.0</transform>
		</node>
		<node type="NodeReference" id="1124256202" name="psd_control_panel_81">
			<reference>../worlds/mmrbem/graphics/stations/psd_control_panel_03.node</reference>
			<transform>0.999999707821 -0.00104726593846 0 0.0 0.00104721839842 0.999999672075 0 0.0 0 0 1.0000000596 0.0 -183.476031141 1.19112175088 1.10283960158 1.0</transform>
		</node>
		<node type="NodeReference" id="1189758431" name="psd_control_panel_82">
			<reference>../worlds/mmrbem/graphics/stations/psd_control_panel_01.node</reference>
			<transform>-0.999999595087 0.00104779552002 0 0.0 -0.00104779206746 -0.999999535118 0 0.0 0 0 0.999998688698 0.0 -183.531159568 -7.64832752039 1.21993555539 1.0</transform>
		</node>
	</node>
	<node type="NodeReference" id="291008462" folded="1" name="prem_nagar_station">
		<reference>../worlds/mmrbem/graphics/stations/prem_nagar_station.node</reference>
		<transform>0.175023129585 0.984564242907 0 0.0 -0.984564183302 0.175023114684 0 0.0 0 0 0.999999940396 0.0 3087.069 21711.516 -14.007 1.0</transform>
		<node type="NodeDummy" id="429746631" enabled="0" folded="1" name="prem_nagar_lights">
			<transform>1 2.77555756156e-017 0 0.0 0 1 0 0.0 0 0 1 0.0 0 0 0 1.0</transform>
			<node type="LightEnvironmentProbe" id="1835513898" name="Prob">
				<attenuation_distance>600 600 600</attenuation_distance>
				<is_dynamic>0</is_dynamic>
				<is_local_space>0</is_local_space>
				<is_sky_cutout>0</is_sky_cutout>
				<is_box_projection>0</is_box_projection>
				<is_box_gi>1</is_box_gi>
				<box_gloss_corners>1</box_gloss_corners>
				<box_size>1 1 1</box_size>
				<is_sun_light_color>0</is_sun_light_color>
				<grab_offset>0 0 0</grab_offset>
				<reflection_update>1</reflection_update>
				<reflection_mask>0xffffffff</reflection_mask>
				<resolution>-1</resolution>
				<zfar>10000</zfar>
				<znear>0.100000001</znear>
				<supersampling>-1</supersampling>
				<reflection_intensity>0.200000003</reflection_intensity>
				<reflection_color>1 1 1 1</reflection_color>
				<ambient_intensity>0.800000012</ambient_intensity>
				<ambient_color>0.521568656 0.631372571 0.776470661 1</ambient_color>
				<ambient_contrast>0.505999982</ambient_contrast>
				<texture>core/textures/common/environment_default.dds</texture>
				<color>0.713725507 0.772549093 0.839215755 1</color>
				<shadow_bias>1</shadow_bias>
				<shadow_screen_space>0</shadow_screen_space>
				<shadow_screen_space_num_rays>8</shadow_screen_space_num_rays>
				<shadow_screen_space_num_steps>8</shadow_screen_space_num_steps>
				<shadow_screen_space_noise_ray>1</shadow_screen_space_noise_ray>
				<shadow_screen_space_noise_step>0.5</shadow_screen_space_noise_step>
				<shadow_screen_space_step_size>0.5</shadow_screen_space_step_size>
				<shadow_screen_space_threshold>1</shadow_screen_space_threshold>
				<shadow_screen_space_softness>0.400000006</shadow_screen_space_softness>
				<transform>1 2.77555756156e-017 0 0.0 2.77555756156e-017 1 0 0.0 0 0 1 0.0 -90.9663300171 -3.41019030811 1.17179060967 1.0</transform>
			</node>
			<node type="NodeDummy" id="770656246" folded="1" name="light_01">
				<transform>-0.224951338334 0.974369983018 0 0.0 -0.974369863809 -0.224951368136 0 0.0 0 0 1.0000000596 0.0 -182.581078852 -12.9593681568 2.33513085256 1.0</transform>
				<node type="NodeReference" id="1995339044" name="shelter_light_0">
					<reference>../worlds/library_objects/lights/shelter_light.node</reference>
					<transform>-0.22495139986 -0.974370120428 0 0.0 0.97437000122 -0.224951370058 0 0.0 0 0 0.9999999404 0.0 -36.6357572812 -174.143355522 5.24885192002 1.0</transform>
				</node>
				<node type="NodeReference" id="16126620" name="shelter_light_1">
					<reference>../worlds/library_objects/lights/shelter_light.node</reference>
					<transform>-0.224951265749 -0.97436988201 0 0.0 0.9743697628 -0.224951235947 0 0.0 0 0 0.999999880791 0.0 -34.9193202358 -166.390303241 5.23300414431 1.0</transform>
				</node>
				<node type="NodeReference" id="1933273908" name="shelter_light_2">
					<reference>../worlds/library_objects/lights/shelter_light.node</reference>
					<transform>-0.224951265749 -0.97436988201 0 0.0 0.9743697628 -0.224951235947 0 0.0 0 0 0.999999880791 0.0 -33.0223075584 -158.037118764 5.23300514431 1.0</transform>
				</node>
				<node type="NodeReference" id="476748264" name="shelter_light_3">
					<reference>../worlds/library_objects/lights/shelter_light.node</reference>
					<transform>-0.224951265749 -0.97436988201 0 0.0 0.9743697628 -0.224951235947 0 0.0 0 0 0.999999880791 0.0 -31.1244235327 -149.700486288 5.23300514431 1.0</transform>
				</node>
				<node type="NodeReference" id="1840670597" name="shelter_light_4">
					<reference>../worlds/library_objects/lights/shelter_light.node</reference>
					<transform>-0.224951265749 -0.97436988201 0 0.0 0.9743697628 -0.224951235947 0 0.0 0 0 0.999999880791 0.0 -29.2055645637 -141.456488817 5.23300514431 1.0</transform>
				</node>
				<node type="NodeReference" id="1335079871" name="shelter_light_5">
					<reference>../worlds/library_objects/lights/shelter_light.node</reference>
					<transform>-0.224951325151 -0.974369825828 0 0.0 0.974369705861 -0.22495131023 0 0.0 0 0 0.999999880795 0.0 -27.2410519264 -133.290355634 5.24524091981 1.0</transform>
				</node>
				<node type="NodeReference" id="2021605172" name="shelter_light_6">
					<reference>../worlds/library_objects/lights/shelter_light.node</reference>
					<transform>-0.224951265749 -0.97436988201 0 0.0 0.9743697628 -0.224951235947 0 0.0 0 0 0.999999880791 0.0 -25.3036496975 -125.130159391 5.23300514431 1.0</transform>
				</node>
				<node type="NodeReference" id="262511910" name="shelter_light_7">
					<reference>../worlds/library_objects/lights/shelter_light.node</reference>
					<transform>-0.224951265749 -0.97436988201 0 0.0 0.9743697628 -0.224951235947 0 0.0 0 0 0.999999880791 0.0 -23.3902349405 -116.842261725 5.23300514431 1.0</transform>
				</node>
				<node type="NodeReference" id="1192166057" name="shelter_light_8">
					<reference>../worlds/library_objects/lights/shelter_light.node</reference>
					<transform>-0.224951340255 -0.97436988201 0 0.0 0.974369822405 -0.224951340255 0 0.0 0 0 0.999999821186 0.0 -21.4671785288 -108.512601557 5.23300514431 1.0</transform>
				</node>
				<node type="NodeReference" id="1160756228" name="shelter_light_9">
					<reference>../worlds/library_objects/lights/shelter_light.node</reference>
					<transform>-0.224951265749 -0.97436988201 0 0.0 0.9743697628 -0.224951235947 0 0.0 0 0 0.999999880791 0.0 -19.4852293922 -99.9278493512 5.23300514431 1.0</transform>
				</node>
				<node type="NodeReference" id="158797323" name="shelter_light_10">
					<reference>../worlds/library_objects/lights/shelter_light.node</reference>
					<transform>-0.224951265749 -0.97436988201 0 0.0 0.9743697628 -0.224951235947 0 0.0 0 0 0.999999880791 0.0 -17.4482387078 -91.1046863321 5.23300514431 1.0</transform>
				</node>
				<node type="NodeReference" id="499985953" name="shelter_light_11">
					<reference>../worlds/library_objects/lights/shelter_light.node</reference>
					<transform>-0.224951265749 -0.97436988201 0 0.0 0.9743697628 -0.224951235947 0 0.0 0 0 0.999999880791 0.0 -15.5769100996 -82.9990835566 5.23300514431 1.0</transform>
				</node>
				<node type="NodeReference" id="1083058620" name="shelter_light_12">
					<reference>../worlds/library_objects/lights/shelter_light.node</reference>
					<transform>-0.224951265749 -0.97436988201 0 0.0 0.9743697628 -0.224951235947 0 0.0 0 0 0.999999880791 0.0 -13.726355297 -74.9834619025 5.23300514431 1.0</transform>
				</node>
				<node type="NodeReference" id="1659136021" name="shelter_light_13">
					<reference>../worlds/library_objects/lights/shelter_light.node</reference>
					<transform>-0.224951265749 -0.97436988201 0 0.0 0.9743697628 -0.224951235947 0 0.0 0 0 0.999999880791 0.0 -11.8565991007 -66.8846699779 5.23300514431 1.0</transform>
				</node>
				<node type="NodeReference" id="372480974" name="shelter_light_14">
					<reference>../worlds/library_objects/lights/shelter_light.node</reference>
					<transform>-0.224951265749 -0.97436988201 0 0.0 0.9743697628 -0.224951235947 0 0.0 0 0 0.999999880791 0.0 -9.99045427229 -58.8015205875 5.23300514431 1.0</transform>
				</node>
				<node type="NodeReference" id="1431882059" name="shelter_light_16">
					<reference>../worlds/library_objects/lights/shelter_light.node</reference>
					<transform>-0.224951265749 -0.97436988201 0 0.0 0.9743697628 -0.224951235947 0 0.0 0 0 0.999999880791 0.0 -8.1191015946 -50.695813556 5.23300514431 1.0</transform>
				</node>
				<node type="NodeReference" id="981353087" name="shelter_light_17">
					<reference>../worlds/library_objects/lights/shelter_light.node</reference>
					<transform>-0.224951340255 -0.97436988201 0 0.0 0.974369822405 -0.224951340255 0 0.0 0 0 0.999999821186 0.0 -5.88168010632 -41.0044906432 5.23300514431 1.0</transform>
				</node>
				<node type="NodeReference" id="121845231" name="shelter_light_18">
					<reference>../worlds/library_objects/lights/shelter_light.node</reference>
					<transform>-0.224951340255 -0.97436988201 0 0.0 0.974369822405 -0.224951340255 0 0.0 0 0 0.999999821186 0.0 -4.14310543915 -33.4739075142 5.23300514431 1.0</transform>
				</node>
				<node type="NodeReference" id="855158186" name="shelter_light_19">
					<reference>../worlds/library_objects/lights/shelter_light.node</reference>
					<transform>-0.224951265749 -0.97436988201 0 0.0 0.9743697628 -0.224951235947 0 0.0 0 0 0.999999880791 0.0 -2.10852870693 -24.6612004651 5.23300514431 1.0</transform>
				</node>
				<node type="NodeReference" id="766488301" name="shelter_light_20">
					<reference>../worlds/library_objects/lights/shelter_light.node</reference>
					<transform>-0.224951265749 -0.97436988201 0 0.0 0.9743697628 -0.224951235947 0 0.0 0 0 0.999999880791 0.0 -0.429394518851 -17.3880819658 5.23300514431 1.0</transform>
				</node>
				<node type="NodeReference" id="987444550" name="shelter_light_21">
					<reference>../worlds/library_objects/lights/shelter_light.node</reference>
					<transform>-0.224951265749 -0.97436988201 0 0.0 0.9743697628 -0.224951235947 0 0.0 0 0 0.999999880791 0.0 1.59358371672 -8.62561344499 5.23300514431 1.0</transform>
				</node>
				<node type="NodeReference" id="2085480420" name="shelter_light_22">
					<reference>../worlds/library_objects/lights/shelter_light.node</reference>
					<transform>-0.224951265749 -0.97436988201 0 0.0 0.9743697628 -0.224951235947 0 0.0 0 0 0.999999880791 0.0 3.28880755578 -1.28280312148 5.23300514431 1.0</transform>
				</node>
			</node>
			<node type="NodeDummy" id="339612379" folded="1" name="light_02">
				<transform>-0.224951338334 0.974369983018 0 0.0 -0.974369863809 -0.224951368136 0 0.0 0 0 1.0000000596 0.0 -182.581078852 -12.9593681568 2.33513085256 1.0</transform>
				<node type="NodeReference" id="79045543" name="shelter_light_0">
					<reference>../worlds/library_objects/lights/shelter_light.node</reference>
					<transform>-0.224951370058 -0.974370001219 0 0.0 0.97436988201 -0.224951340255 0 0.0 0 0 1 0.0 -24.3415677106 -177.083080828 5.23300514431 1.0</transform>
				</node>
				<node type="NodeReference" id="115041516" name="shelter_light_1">
					<reference>../worlds/library_objects/lights/shelter_light.node</reference>
					<transform>-0.224951340255 -0.97436988201 0 0.0 0.974369822405 -0.224951340255 0 0.0 0 0 0.999999821186 0.0 -22.7136311753 -169.208212878 5.23300414431 1.0</transform>
				</node>
				<node type="NodeReference" id="1043454490" name="shelter_light_2">
					<reference>../worlds/library_objects/lights/shelter_light.node</reference>
					<transform>-0.224951340255 -0.97436988201 0 0.0 0.974369822405 -0.224951340255 0 0.0 0 0 0.999999821186 0.0 -20.8166541348 -160.85502858 5.23300514431 1.0</transform>
				</node>
				<node type="NodeReference" id="130139008" name="shelter_light_3">
					<reference>../worlds/library_objects/lights/shelter_light.node</reference>
					<transform>-0.224951340255 -0.97436988201 0 0.0 0.974369822405 -0.224951340255 0 0.0 0 0 0.999999821186 0.0 -18.918805695 -152.518396257 5.23300514431 1.0</transform>
				</node>
				<node type="NodeReference" id="1185448352" name="shelter_light_4">
					<reference>../worlds/library_objects/lights/shelter_light.node</reference>
					<transform>-0.224951340255 -0.97436988201 0 0.0 0.974369822405 -0.224951340255 0 0.0 0 0 0.999999821186 0.0 -16.9999820926 -144.274398698 5.23300514431 1.0</transform>
				</node>
				<node type="NodeReference" id="1037723702" name="shelter_light_5">
					<reference>../worlds/library_objects/lights/shelter_light.node</reference>
					<transform>-0.224951340255 -0.97436988201 0 0.0 0.974369822405 -0.224951340255 0 0.0 0 0 0.999999821186 0.0 -15.1348436063 -136.067615397 5.23300514431 1.0</transform>
				</node>
				<node type="NodeReference" id="768258036" name="shelter_light_6">
					<reference>../worlds/library_objects/lights/shelter_light.node</reference>
					<transform>-0.224951340255 -0.97436988201 0 0.0 0.974369822405 -0.224951340255 0 0.0 0 0 0.999999821186 0.0 -13.0981376929 -127.948068516 5.23300514431 1.0</transform>
				</node>
				<node type="NodeReference" id="1939422125" name="shelter_light_7">
					<reference>../worlds/library_objects/lights/shelter_light.node</reference>
					<transform>-0.224951340255 -0.97436988201 0 0.0 0.974369822405 -0.224951340255 0 0.0 0 0 0.999999821186 0.0 -11.1847584252 -119.66017085 5.23300514431 1.0</transform>
				</node>
				<node type="NodeReference" id="1906122679" name="shelter_light_8">
					<reference>../worlds/library_objects/lights/shelter_light.node</reference>
					<transform>-0.224951340255 -0.97436988201 0 0.0 0.974368689917 -0.224951072034 0 0.0 0 0 1.00000590086 0.0 -9.2617376817 -111.330510683 5.23300514431 1.0</transform>
				</node>
				<node type="NodeReference" id="1896050756" name="shelter_light_9">
					<reference>../worlds/library_objects/lights/shelter_light.node</reference>
					<transform>-0.224951340255 -0.97436988201 0 0.0 0.974369822405 -0.224951340255 0 0.0 0 0 0.999999821186 0.0 -7.27982530552 -102.745758477 5.23300514431 1.0</transform>
				</node>
				<node type="NodeReference" id="1480018279" name="shelter_light_10">
					<reference>../worlds/library_objects/lights/shelter_light.node</reference>
					<transform>-0.224951340255 -0.97436988201 0 0.0 0.974369822405 -0.224951340255 0 0.0 0 0 0.999999821186 0.0 -5.2428724025 -93.922595458 5.23300514431 1.0</transform>
				</node>
				<node type="NodeReference" id="1357621398" name="shelter_light_11">
					<reference>../worlds/library_objects/lights/shelter_light.node</reference>
					<transform>-0.224951340255 -0.97436988201 0 0.0 0.974369822405 -0.224951340255 0 0.0 0 0 0.999999821186 0.0 -3.37157850308 -85.8169926827 5.23300514431 1.0</transform>
				</node>
				<node type="NodeReference" id="1148385623" name="shelter_light_12">
					<reference>../worlds/library_objects/lights/shelter_light.node</reference>
					<transform>-0.224951340255 -0.97436988201 0 0.0 0.974369822405 -0.224951340255 0 0.0 0 0 0.999999821186 0.0 -1.5210580239 -77.8013710287 5.23300514431 1.0</transform>
				</node>
				<node type="NodeReference" id="1394999532" name="shelter_light_13">
					<reference>../worlds/library_objects/lights/shelter_light.node</reference>
					<transform>-0.224951340255 -0.97436988201 0 0.0 0.974369822405 -0.224951340255 0 0.0 0 0 0.999999821186 0.0 0.348663492883 -69.7025791042 5.23300514431 1.0</transform>
				</node>
				<node type="NodeReference" id="262923943" name="shelter_light_14">
					<reference>../worlds/library_objects/lights/shelter_light.node</reference>
					<transform>-0.224951340255 -0.97436988201 0 0.0 0.974369822405 -0.224951340255 0 0.0 0 0 0.999999821186 0.0 2.21477370868 -61.6194297139 5.23300514431 1.0</transform>
				</node>
				<node type="NodeReference" id="1069756347" name="shelter_light_16">
					<reference>../worlds/library_objects/lights/shelter_light.node</reference>
					<transform>-0.224951340255 -0.97436988201 0 0.0 0.974369822405 -0.224951340255 0 0.0 0 0 0.999999821186 0.0 4.08609167719 -53.5137226825 5.23300514431 1.0</transform>
				</node>
				<node type="NodeReference" id="1618234685" name="shelter_light_17">
					<reference>../worlds/library_objects/lights/shelter_light.node</reference>
					<transform>-0.224951340255 -0.97436988201 0 0.0 0.974368689917 -0.224951072034 0 0.0 0 0 1.00000590086 0.0 6.32347166658 -43.8223997698 5.23300514431 1.0</transform>
				</node>
				<node type="NodeReference" id="877043225" name="shelter_light_18">
					<reference>../worlds/library_objects/lights/shelter_light.node</reference>
					<transform>-0.224951340255 -0.97436988201 0 0.0 0.974368689917 -0.224951072034 0 0.0 0 0 1.00000590086 0.0 8.06201408729 -36.2918166409 5.23300514431 1.0</transform>
				</node>
				<node type="NodeReference" id="105875388" name="shelter_light_19">
					<reference>../worlds/library_objects/lights/shelter_light.node</reference>
					<transform>-0.224951340255 -0.97436988201 0 0.0 0.974369822405 -0.224951340255 0 0.0 0 0 0.999999821186 0.0 10.0965530829 -27.4791095919 5.23300514431 1.0</transform>
				</node>
				<node type="NodeReference" id="81623859" name="shelter_light_20">
					<reference>../worlds/library_objects/lights/shelter_light.node</reference>
