<?xml version="1.0" encoding="utf-8"?>
<nodes version="2.5.0.2">
	<node type="NodeDummy" id="1774549779" enabled="0" folded="1" name="track_side_light_daynamic_line_2a">
		<transform>1.0000000596 0 0 0.0 0 1.0000000596 0 0.0 0 0 1 0.0 -5073.60162601 -23666.0030915 0 1.0</transform>
		<node type="LightProj" id="1167687432" folded="1" name="LightProj_0">
			<penumbra>0.469999999</penumbra>
			<attenuation_distance>7.64699984</attenuation_distance>
			<shape>2 1 0.159999996</shape>
			<shape_type>-1</shape_type>
			<fov>151.731995</fov>
			<znear>0.100000001</znear>
			<texture>../worlds/library_objects/lights/spotlight.DDS</texture>
			<intensity>1.58099997</intensity>
			<attenuation_power>0.0299999993</attenuation_power>
			<shadow>0</shadow>
			<shadow_bias>1</shadow_bias>
			<shadow_softness>0.870999992</shadow_softness>
			<shadow_screen_space>0</shadow_screen_space>
			<shadow_screen_space_num_rays>8</shadow_screen_space_num_rays>
			<shadow_screen_space_num_steps>8</shadow_screen_space_num_steps>
			<shadow_screen_space_noise_ray>1</shadow_screen_space_noise_ray>
			<shadow_screen_space_noise_step>0.5</shadow_screen_space_noise_step>
			<shadow_screen_space_step_size>0.5</shadow_screen_space_step_size>
			<shadow_screen_space_threshold>1</shadow_screen_space_threshold>
			<shadow_screen_space_softness>0.400000006</shadow_screen_space_softness>
			<transform>0.982994495809 -0.183634724238 0 0.0 0.183634724238 0.982994495809 4.25380629056e-005 0.0 -7.8113621493e-006 -4.18141269077e-005 0.999986588954 0.0 6659.11710944 36261.2845137 -2.68995115354 1.0</transform>
		</node>
		<node type="LightProj" id="727261157" folded="1" name="LightProj_1">
			<penumbra>0.469999999</penumbra>
			<attenuation_distance>7.64699984</attenuation_distance>
			<shape>2 1 0.159999996</shape>
			<shape_type>-1</shape_type>
			<fov>151.731995</fov>
			<znear>0.100000001</znear>
			<texture>../worlds/library_objects/lights/spotlight.DDS</texture>
			<intensity>1.58099997</intensity>
			<attenuation_power>0.0299999993</attenuation_power>
			<shadow>0</shadow>
			<shadow_bias>1</shadow_bias>
			<shadow_softness>0.870999992</shadow_softness>
			<shadow_screen_space>0</shadow_screen_space>
			<shadow_screen_space_num_rays>8</shadow_screen_space_num_rays>
			<shadow_screen_space_num_steps>8</shadow_screen_space_num_steps>
			<shadow_screen_space_noise_ray>1</shadow_screen_space_noise_ray>
			<shadow_screen_space_noise_step>0.5</shadow_screen_space_noise_step>
			<shadow_screen_space_step_size>0.5</shadow_screen_space_step_size>
			<shadow_screen_space_threshold>1</shadow_screen_space_threshold>
			<shadow_screen_space_softness>0.400000006</shadow_screen_space_softness>
			<transform>0.982994495809 -0.183634694435 9.09494647563e-013 0.0 0.183634694435 0.982994495809 4.25380519917e-005 0.0 -7.81146310322e-006 -4.18146689666e-005 0.999999821186 0.0 6661.30729765 36272.1765915 -2.63435915037 1.0</transform>
		</node>
		<node type="LightProj" id="639622168" folded="1" name="LightProj_2">
			<penumbra>0.469999999</penumbra>
			<attenuation_distance>7.64699984</attenuation_distance>
			<shape>2 1 0.159999996</shape>
			<shape_type>-1</shape_type>
			<fov>151.731995</fov>
			<znear>0.100000001</znear>
			<texture>../worlds/library_objects/lights/spotlight.DDS</texture>
			<intensity>1.58099997</intensity>
			<attenuation_power>0.0299999993</attenuation_power>
			<shadow>0</shadow>
			<shadow_bias>1</shadow_bias>
			<shadow_softness>0.870999992</shadow_softness>
			<shadow_screen_space>0</shadow_screen_space>
			<shadow_screen_space_num_rays>8</shadow_screen_space_num_rays>
			<shadow_screen_space_num_steps>8</shadow_screen_space_num_steps>
			<shadow_screen_space_noise_ray>1</shadow_screen_space_noise_ray>
			<shadow_screen_space_noise_step>0.5</shadow_screen_space_noise_step>
			<shadow_screen_space_step_size>0.5</shadow_screen_space_step_size>
			<shadow_screen_space_threshold>1</shadow_screen_space_threshold>
			<shadow_screen_space_softness>0.400000006</shadow_screen_space_softness>
			<transform>-0.98006975532 0.197748538718 0 0.0 -0.197745334968 -0.980053900483 -0.000266933480356 0.0 -5.28040104296e-005 -0.000261704191099 0.999972224234 0.0 6670.85339306 36324.2155249 -2.64843815117 1.0</transform>
		</node>
		<node type="LightProj" id="961066268" folded="1" name="LightProj_3">
			<penumbra>0.469999999</penumbra>
			<attenuation_distance>7.64699984</attenuation_distance>
			<shape>2 1 0.159999996</shape>
			<shape_type>-1</shape_type>
			<fov>151.731995</fov>
			<znear>0.100000001</znear>
			<texture>../worlds/library_objects/lights/spotlight.DDS</texture>
			<intensity>1.58099997</intensity>
			<attenuation_power>0.0299999993</attenuation_power>
			<shadow>0</shadow>
			<shadow_bias>1</shadow_bias>
			<shadow_softness>0.870999992</shadow_softness>
			<shadow_screen_space>0</shadow_screen_space>
			<shadow_screen_space_num_rays>8</shadow_screen_space_num_rays>
			<shadow_screen_space_num_steps>8</shadow_screen_space_num_steps>
			<shadow_screen_space_noise_ray>1</shadow_screen_space_noise_ray>
			<shadow_screen_space_noise_step>0.5</shadow_screen_space_noise_step>
			<shadow_screen_space_step_size>0.5</shadow_screen_space_step_size>
			<shadow_screen_space_threshold>1</shadow_screen_space_threshold>
			<shadow_screen_space_softness>0.400000006</shadow_screen_space_softness>
			<transform>-0.982821105887 0.184561442409 1.81898940355e-012 0.0 -0.184561442409 -0.982821105887 8.88348057032e-005 0.0 1.63952054886e-005 8.73072546908e-005 0.999983251094 0.0 6672.80737502 36334.3268016 -2.72131915533 1.0</transform>
		</node>
		<node type="LightProj" id="948408077" folded="1" name="LightProj_4">
			<penumbra>0.469999999</penumbra>
			<attenuation_distance>7.64699984</attenuation_distance>
			<shape>2 1 0.159999996</shape>
			<shape_type>-1</shape_type>
			<fov>151.731995</fov>
			<znear>0.100000001</znear>
			<texture>../worlds/library_objects/lights/spotlight.DDS</texture>
			<intensity>1.58099997</intensity>
			<attenuation_power>0.0299999993</attenuation_power>
			<shadow>0</shadow>
			<shadow_bias>1</shadow_bias>
			<shadow_softness>0.870999992</shadow_softness>
			<shadow_screen_space>0</shadow_screen_space>
			<shadow_screen_space_num_rays>8</shadow_screen_space_num_rays>
			<shadow_screen_space_num_steps>8</shadow_screen_space_num_steps>
			<shadow_screen_space_noise_ray>1</shadow_screen_space_noise_ray>
			<shadow_screen_space_noise_step>0.5</shadow_screen_space_noise_step>
			<shadow_screen_space_step_size>0.5</shadow_screen_space_step_size>
			<shadow_screen_space_threshold>1</shadow_screen_space_threshold>
			<shadow_screen_space_softness>0.400000006</shadow_screen_space_softness>
			<transform>-0.982797740865 0.184684317391 2.27373648338e-013 0.0 -0.184684332292 -0.982797800469 2.84752858226e-005 0.0 5.25894014995e-006 2.79854501369e-005 0.999999940395 0.0 6674.50759788 36343.3789487 -2.73894815634 1.0</transform>
		</node>
		<node type="LightProj" id="1918119275" folded="1" name="LightProj_5">
			<penumbra>0.469999999</penumbra>
			<attenuation_distance>7.64699984</attenuation_distance>
			<shape>2 1 0.159999996</shape>
			<shape_type>-1</shape_type>
			<fov>151.731995</fov>
			<znear>0.100000001</znear>
			<texture>../worlds/library_objects/lights/spotlight.DDS</texture>
			<intensity>1.58099997</intensity>
			<attenuation_power>0.0299999993</attenuation_power>
			<shadow>0</shadow>
			<shadow_bias>1</shadow_bias>
			<shadow_softness>0.870999992</shadow_softness>
			<shadow_screen_space>0</shadow_screen_space>
			<shadow_screen_space_num_rays>8</shadow_screen_space_num_rays>
			<shadow_screen_space_num_steps>8</shadow_screen_space_num_steps>
			<shadow_screen_space_noise_ray>1</shadow_screen_space_noise_ray>
			<shadow_screen_space_noise_step>0.5</shadow_screen_space_noise_step>
			<shadow_screen_space_step_size>0.5</shadow_screen_space_step_size>
			<shadow_screen_space_threshold>1</shadow_screen_space_threshold>
			<shadow_screen_space_softness>0.400000006</shadow_screen_space_softness>
			<transform>-0.982797740865 0.184684317391 2.27373648338e-013 0.0 -0.184684332292 -0.982797800469 2.84752858226e-005 0.0 5.25894014995e-006 2.79854501369e-005 0.999999940395 0.0 6674.50759788 36343.3789487 -2.73894815634 1.0</transform>
		</node>
		<node type="LightProj" id="302217844" folded="1" name="LightProj_6">
			<penumbra>0.469999999</penumbra>
			<attenuation_distance>7.64699984</attenuation_distance>
			<shape>2 1 0.159999996</shape>
			<shape_type>-1</shape_type>
			<fov>151.731995</fov>
			<znear>0.100000001</znear>
			<texture>../worlds/library_objects/lights/spotlight.DDS</texture>
			<intensity>1.58099997</intensity>
			<attenuation_power>0.0299999993</attenuation_power>
			<shadow>0</shadow>
			<shadow_bias>1</shadow_bias>
			<shadow_softness>0.870999992</shadow_softness>
			<shadow_screen_space>0</shadow_screen_space>
			<shadow_screen_space_num_rays>8</shadow_screen_space_num_rays>
			<shadow_screen_space_num_steps>8</shadow_screen_space_num_steps>
			<shadow_screen_space_noise_ray>1</shadow_screen_space_noise_ray>
			<shadow_screen_space_noise_step>0.5</shadow_screen_space_noise_step>
			<shadow_screen_space_step_size>0.5</shadow_screen_space_step_size>
			<shadow_screen_space_threshold>1</shadow_screen_space_threshold>
			<shadow_screen_space_softness>0.400000006</shadow_screen_space_softness>
			<transform>-0.982741831704 0.184301104206 2.27345133819e-013 0.0 -0.184299643892 -0.9827340831 -3.0192564717e-005 0.0 -5.5659032703e-006 -2.96788657079e-005 0.999989151954 0.0 6676.43676642 36353.6718813 -2.66351115203 1.0</transform>
		</node>
		<node type="LightProj" id="1214021230" folded="1" name="LightProj_7">
			<penumbra>0.469999999</penumbra>
			<attenuation_distance>7.64699984</attenuation_distance>
			<shape>2 1 0.159999996</shape>
			<shape_type>-1</shape_type>
			<fov>151.731995</fov>
			<znear>0.100000001</znear>
			<texture>../worlds/library_objects/lights/spotlight.DDS</texture>
			<intensity>1.58099997</intensity>
			<attenuation_power>0.0299999993</attenuation_power>
			<shadow>0</shadow>
			<shadow_bias>1</shadow_bias>
			<shadow_softness>0.870999992</shadow_softness>
			<shadow_screen_space>0</shadow_screen_space>
			<shadow_screen_space_num_rays>8</shadow_screen_space_num_rays>
			<shadow_screen_space_num_steps>8</shadow_screen_space_num_steps>
			<shadow_screen_space_noise_ray>1</shadow_screen_space_noise_ray>
			<shadow_screen_space_noise_step>0.5</shadow_screen_space_noise_step>
			<shadow_screen_space_step_size>0.5</shadow_screen_space_step_size>
			<shadow_screen_space_threshold>1</shadow_screen_space_threshold>
			<shadow_screen_space_softness>0.400000006</shadow_screen_space_softness>
			<transform>-0.982839166095 0.184143852242 2.27360285546e-013 0.0 -0.184143986353 -0.982839881351 -4.00978702854e-005 0.0 -7.38458673728e-006 -3.9414083024e-005 0.999992489814 0.0 6678.28445297 36363.5365652 -2.65624815162 1.0</transform>
		</node>
		<node type="LightProj" id="1484489611" folded="1" name="LightProj_8">
			<penumbra>0.469999999</penumbra>
			<attenuation_distance>7.64699984</attenuation_distance>
			<shape>2 1 0.159999996</shape>
			<shape_type>-1</shape_type>
			<fov>151.731995</fov>
			<znear>0.100000001</znear>
			<texture>../worlds/library_objects/lights/spotlight.DDS</texture>
			<intensity>1.58099997</intensity>
			<attenuation_power>0.0299999993</attenuation_power>
			<shadow>0</shadow>
			<shadow_bias>1</shadow_bias>
			<shadow_softness>0.870999992</shadow_softness>
			<shadow_screen_space>0</shadow_screen_space>
			<shadow_screen_space_num_rays>8</shadow_screen_space_num_rays>
			<shadow_screen_space_num_steps>8</shadow_screen_space_num_steps>
			<shadow_screen_space_noise_ray>1</shadow_screen_space_noise_ray>
			<shadow_screen_space_noise_step>0.5</shadow_screen_space_noise_step>
			<shadow_screen_space_step_size>0.5</shadow_screen_space_step_size>
			<shadow_screen_space_threshold>1</shadow_screen_space_threshold>
			<shadow_screen_space_softness>0.400000006</shadow_screen_space_softness>
			<transform>-0.982737182542 0.184300105828 4.54688126339e-013 0.0 -0.184300061125 -0.982737003728 -3.20993695856e-005 0.0 -5.91739752763e-006 -3.1553148863e-005 0.999989449977 0.0 6680.11889489 36373.3254435 -2.69143415363 1.0</transform>
		</node>
		<node type="LightProj" id="1637196939" folded="1" name="LightProj_9">
			<penumbra>0.469999999</penumbra>
			<attenuation_distance>7.64699984</attenuation_distance>
			<shape>2 1 0.159999996</shape>
			<shape_type>-1</shape_type>
			<fov>151.731995</fov>
			<znear>0.100000001</znear>
			<texture>../worlds/library_objects/lights/spotlight.DDS</texture>
			<intensity>1.58099997</intensity>
			<attenuation_power>0.0299999993</attenuation_power>
			<shadow>0</shadow>
			<shadow_bias>1</shadow_bias>
			<shadow_softness>0.870999992</shadow_softness>
			<shadow_screen_space>0</shadow_screen_space>
			<shadow_screen_space_num_rays>8</shadow_screen_space_num_rays>
			<shadow_screen_space_num_steps>8</shadow_screen_space_num_steps>
			<shadow_screen_space_noise_ray>1</shadow_screen_space_noise_ray>
			<shadow_screen_space_noise_step>0.5</shadow_screen_space_noise_step>
			<shadow_screen_space_step_size>0.5</shadow_screen_space_step_size>
			<shadow_screen_space_threshold>1</shadow_screen_space_threshold>
			<shadow_screen_space_softness>0.400000006</shadow_screen_space_softness>
			<transform>-0.982985912739 0.183681662898 -5.68434222489e-014 0.0 -0.183681662898 -0.982985912739 -9.81540928775e-006 0.0 -1.80288156403e-006 -9.64825233705e-006 0.99998396635 0.0 6681.96133241 36383.1701688 -2.63237715026 1.0</transform>
		</node>
		<node type="LightProj" id="1990577746" folded="1" name="LightProj_10">
			<penumbra>0.469999999</penumbra>
			<attenuation_distance>7.64699984</attenuation_distance>
			<shape>2 1 0.159999996</shape>
			<shape_type>-1</shape_type>
			<fov>151.731995</fov>
			<znear>0.100000001</znear>
			<texture>../worlds/library_objects/lights/spotlight.DDS</texture>
			<intensity>1.58099997</intensity>
			<attenuation_power>0.0299999993</attenuation_power>
			<shadow>0</shadow>
			<shadow_bias>1</shadow_bias>
			<shadow_softness>0.870999992</shadow_softness>
			<shadow_screen_space>0</shadow_screen_space>
			<shadow_screen_space_num_rays>8</shadow_screen_space_num_rays>
			<shadow_screen_space_num_steps>8</shadow_screen_space_num_steps>
			<shadow_screen_space_noise_ray>1</shadow_screen_space_noise_ray>
			<shadow_screen_space_noise_step>0.5</shadow_screen_space_noise_step>
			<shadow_screen_space_step_size>0.5</shadow_screen_space_step_size>
			<shadow_screen_space_threshold>1</shadow_screen_space_threshold>
			<shadow_screen_space_softness>0.400000006</shadow_screen_space_softness>
			<transform>0.982849537304 -0.18440937605 -1.13686837722e-013 0.0 0.18440937605 0.982849477699 -7.03672909472e-006 0.0 1.2976389235e-006 6.91604550707e-006 0.999999940395 0.0 6683.86918438 36393.338836 -2.61430114922 1.0</transform>
		</node>
		<node type="LightProj" id="493470951" folded="1" name="LightProj_11">
			<penumbra>0.469999999</penumbra>
			<attenuation_distance>7.64699984</attenuation_distance>
			<shape>2 1 0.159999996</shape>
			<shape_type>-1</shape_type>
			<fov>151.731995</fov>
			<znear>0.100000001</znear>
			<texture>../worlds/library_objects/lights/spotlight.DDS</texture>
			<intensity>1.58099997</intensity>
			<attenuation_power>0.0299999993</attenuation_power>
			<shadow>0</shadow>
			<shadow_bias>1</shadow_bias>
			<shadow_softness>0.870999992</shadow_softness>
			<shadow_screen_space>0</shadow_screen_space>
			<shadow_screen_space_num_rays>8</shadow_screen_space_num_rays>
			<shadow_screen_space_num_steps>8</shadow_screen_space_num_steps>
			<shadow_screen_space_noise_ray>1</shadow_screen_space_noise_ray>
			<shadow_screen_space_noise_step>0.5</shadow_screen_space_noise_step>
			<shadow_screen_space_step_size>0.5</shadow_screen_space_step_size>
			<shadow_screen_space_threshold>1</shadow_screen_space_threshold>
			<shadow_screen_space_softness>0.400000006</shadow_screen_space_softness>
			<transform>0.982185243498 -0.187914889331 2.27373661891e-013 0.0 0.187914889331 0.982185243498 3.45716455428e-005 0.0 -6.49652740845e-006 -3.39557647979e-005 0.999999940395 0.0 6687.67914629 36413.4324765 -1.0144030579 1.0</transform>
		</node>
		<node type="LightProj" id="476800969" folded="1" name="LightProj_12">
			<penumbra>0.469999999</penumbra>
			<attenuation_distance>7.64699984</attenuation_distance>
			<shape>2 1 0.159999996</shape>
			<shape_type>-1</shape_type>
			<fov>151.731995</fov>
			<znear>0.100000001</znear>
			<texture>../worlds/library_objects/lights/spotlight.DDS</texture>
			<intensity>1.58099997</intensity>
			<attenuation_power>0.0299999993</attenuation_power>
			<shadow>0</shadow>
			<shadow_bias>1</shadow_bias>
			<shadow_softness>0.870999992</shadow_softness>
			<shadow_screen_space>0</shadow_screen_space>
			<shadow_screen_space_num_rays>8</shadow_screen_space_num_rays>
			<shadow_screen_space_num_steps>8</shadow_screen_space_num_steps>
			<shadow_screen_space_noise_ray>1</shadow_screen_space_noise_ray>
			<shadow_screen_space_noise_step>0.5</shadow_screen_space_noise_step>
			<shadow_screen_space_step_size>0.5</shadow_screen_space_step_size>
			<shadow_screen_space_threshold>1</shadow_screen_space_threshold>
			<shadow_screen_space_softness>0.400000006</shadow_screen_space_softness>
			<transform>0.980587064063 -0.196083438163 0 0.0 0.196083378558 0.98058676604 -0.000739280178504 0.0 0.000144960629314 0.000724928787812 0.999999642372 0.0 6691.33442962 36432.279578 -1.10650006316 1.0</transform>
		</node>
		<node type="LightProj" id="266099508" folded="1" name="LightProj_13">
			<penumbra>0.469999999</penumbra>
			<attenuation_distance>7.64699984</attenuation_distance>
			<shape>2 1 0.159999996</shape>
			<shape_type>-1</shape_type>
			<fov>151.731995</fov>
			<znear>0.100000001</znear>
			<texture>../worlds/library_objects/lights/spotlight.DDS</texture>
			<intensity>1.58099997</intensity>
			<attenuation_power>0.0299999993</attenuation_power>
			<shadow>0</shadow>
			<shadow_bias>1</shadow_bias>
			<shadow_softness>0.870999992</shadow_softness>
			<shadow_screen_space>0</shadow_screen_space>
			<shadow_screen_space_num_rays>8</shadow_screen_space_num_rays>
			<shadow_screen_space_num_steps>8</shadow_screen_space_num_steps>
			<shadow_screen_space_noise_ray>1</shadow_screen_space_noise_ray>
			<shadow_screen_space_noise_step>0.5</shadow_screen_space_noise_step>
			<shadow_screen_space_step_size>0.5</shadow_screen_space_step_size>
			<shadow_screen_space_threshold>1</shadow_screen_space_threshold>
			<shadow_screen_space_softness>0.400000006</shadow_screen_space_softness>
			<transform>0.973997054934 -0.226560427341 -5.8207657444e-011 0.0 0.226552738342 0.973963974355 -0.00824082319384 0.0 0.00186704529402 0.00802653889516 0.999966263769 0.0 6695.53987252 36451.8077805 -1.26939907246 1.0</transform>
		</node>
		<node type="LightProj" id="2110978099" folded="1" name="LightProj_14">
			<penumbra>0.469999999</penumbra>
			<attenuation_distance>7.64699984</attenuation_distance>
			<shape>2 1 0.159999996</shape>
			<shape_type>-1</shape_type>
			<fov>151.731995</fov>
			<znear>0.100000001</znear>
			<texture>../worlds/library_objects/lights/spotlight.DDS</texture>
			<intensity>1.58099997</intensity>
			<attenuation_power>0.0299999993</attenuation_power>
			<shadow>0</shadow>
			<shadow_bias>1</shadow_bias>
			<shadow_softness>0.870999992</shadow_softness>
			<shadow_screen_space>0</shadow_screen_space>
			<shadow_screen_space_num_rays>8</shadow_screen_space_num_rays>
			<shadow_screen_space_num_steps>8</shadow_screen_space_num_steps>
			<shadow_screen_space_noise_ray>1</shadow_screen_space_noise_ray>
			<shadow_screen_space_noise_step>0.5</shadow_screen_space_noise_step>
			<shadow_screen_space_step_size>0.5</shadow_screen_space_step_size>
			<shadow_screen_space_threshold>1</shadow_screen_space_threshold>
			<shadow_screen_space_softness>0.400000006</shadow_screen_space_softness>
			<transform>0.965981183409 -0.258612141526 0 0.0 0.258580819284 0.965864298693 -0.0155358007125 0.0 0.00401791115957 0.015007904694 0.999919831748 0.0 6700.38576765 36471.1864946 -1.54958008845 1.0</transform>
		</node>
		<node type="LightProj" id="400333648" folded="1" name="LightProj_15">
			<penumbra>0.469999999</penumbra>
			<attenuation_distance>7.64699984</attenuation_distance>
			<shape>2 1 0.159999996</shape>
			<shape_type>-1</shape_type>
			<fov>151.731995</fov>
			<znear>0.100000001</znear>
			<texture>../worlds/library_objects/lights/spotlight.DDS</texture>
			<intensity>1.58099997</intensity>
			<attenuation_power>0.0299999993</attenuation_power>
			<shadow>0</shadow>
			<shadow_bias>1</shadow_bias>
			<shadow_softness>0.870999992</shadow_softness>
			<shadow_screen_space>0</shadow_screen_space>
			<shadow_screen_space_num_rays>8</shadow_screen_space_num_rays>
			<shadow_screen_space_num_steps>8</shadow_screen_space_num_steps>
			<shadow_screen_space_noise_ray>1</shadow_screen_space_noise_ray>
			<shadow_screen_space_noise_step>0.5</shadow_screen_space_noise_step>
			<shadow_screen_space_step_size>0.5</shadow_screen_space_step_size>
			<shadow_screen_space_threshold>1</shadow_screen_space_threshold>
			<shadow_screen_space_softness>0.400000006</shadow_screen_space_softness>
			<transform>0.956539866718 -0.291601466632 -6.98491917084e-010 0.0 0.291530090066 0.95630562045 -0.022094504362 0.0 0.00644263989509 0.0211337798765 0.999731719478 0.0 6705.88538737 36490.3897949 -1.92412710983 1.0</transform>
		</node>
		<node type="LightProj" id="114848951" folded="1" name="LightProj_16">
			<penumbra>0.469999999</penumbra>
			<attenuation_distance>7.64699984</attenuation_distance>
			<shape>2 1 0.159999996</shape>
			<shape_type>-1</shape_type>
			<fov>151.731995</fov>
			<znear>0.100000001</znear>
			<texture>../worlds/library_objects/lights/spotlight.DDS</texture>
			<intensity>1.58099997</intensity>
			<attenuation_power>0.0299999993</attenuation_power>
			<shadow>0</shadow>
			<shadow_bias>1</shadow_bias>
			<shadow_softness>0.870999992</shadow_softness>
			<shadow_screen_space>0</shadow_screen_space>
			<shadow_screen_space_num_rays>8</shadow_screen_space_num_rays>
			<shadow_screen_space_num_steps>8</shadow_screen_space_num_steps>
			<shadow_screen_space_noise_ray>1</shadow_screen_space_noise_ray>
			<shadow_screen_space_noise_step>0.5</shadow_screen_space_noise_step>
			<shadow_screen_space_step_size>0.5</shadow_screen_space_step_size>
			<shadow_screen_space_threshold>1</shadow_screen_space_threshold>
			<shadow_screen_space_softness>0.400000006</shadow_screen_space_softness>
			<transform>0.94616675056 -0.32367937706 0 0.0 0.323538114043 0.945753809557 -0.0295435356822 0.0 0.00956242309138 0.0279524994911 0.99954158065 0.0 6712.02321007 36509.393903 -2.47491314127 1.0</transform>
		</node>
		<node type="LightProj" id="1138287608" folded="1" name="LightProj_17">
			<penumbra>0.469999999</penumbra>
			<attenuation_distance>7.64699984</attenuation_distance>
			<shape>2 1 0.159999996</shape>
			<shape_type>-1</shape_type>
			<fov>151.731995</fov>
			<znear>0.100000001</znear>
			<texture>../worlds/library_objects/lights/spotlight.DDS</texture>
			<intensity>1.58099997</intensity>
			<attenuation_power>0.0299999993</attenuation_power>
			<shadow>0</shadow>
			<shadow_bias>1</shadow_bias>
			<shadow_softness>0.870999992</shadow_softness>
			<shadow_screen_space>0</shadow_screen_space>
			<shadow_screen_space_num_rays>8</shadow_screen_space_num_rays>
			<shadow_screen_space_num_steps>8</shadow_screen_space_num_steps>
			<shadow_screen_space_noise_ray>1</shadow_screen_space_noise_ray>
			<shadow_screen_space_noise_step>0.5</shadow_screen_space_noise_step>
			<shadow_screen_space_step_size>0.5</shadow_screen_space_step_size>
			<shadow_screen_space_threshold>1</shadow_screen_space_threshold>
			<shadow_screen_space_softness>0.400000006</shadow_screen_space_softness>
			<transform>0.934667464177 -0.355523011418 0 0.0 0.355348697624 0.934209283245 -0.0312951412079 0.0 0.0111265459211 0.0292516088785 0.99954581258 0.0 6718.80454762 36528.18472 -2.96761616939 1.0</transform>
		</node>
		<node type="LightProj" id="1937565209" folded="1" name="LightProj_18">
			<penumbra>0.469999999</penumbra>
			<attenuation_distance>7.64699984</attenuation_distance>
			<shape>2 1 0.159999996</shape>
			<shape_type>-1</shape_type>
			<fov>151.731995</fov>
			<znear>0.100000001</znear>
			<texture>../worlds/library_objects/lights/spotlight.DDS</texture>
			<intensity>1.58099997</intensity>
			<attenuation_power>0.0299999993</attenuation_power>
			<shadow>0</shadow>
			<shadow_bias>1</shadow_bias>
			<shadow_softness>0.870999992</shadow_softness>
			<shadow_screen_space>0</shadow_screen_space>
			<shadow_screen_space_num_rays>8</shadow_screen_space_num_rays>
			<shadow_screen_space_num_steps>8</shadow_screen_space_num_steps>
			<shadow_screen_space_noise_ray>1</shadow_screen_space_noise_ray>
			<shadow_screen_space_noise_step>0.5</shadow_screen_space_noise_step>
			<shadow_screen_space_step_size>0.5</shadow_screen_space_step_size>
			<shadow_screen_space_threshold>1</shadow_screen_space_threshold>
			<shadow_screen_space_softness>0.400000006</shadow_screen_space_softness>
			<transform>0.921668346028 -0.387978517293 -9.31322519104e-010 0.0 0.387786232697 0.921211595607 -0.0314879920475 0.0 0.0122160024772 0.0290199088466 0.999449968305 0.0 6726.22161385 36546.7379456 -3.54804520252 1.0</transform>
		</node>
		<node type="LightProj" id="512539203" folded="1" name="LightProj_19">
			<penumbra>0.469999999</penumbra>
			<attenuation_distance>7.64699984</attenuation_distance>
			<shape>2 1 0.159999996</shape>
			<shape_type>-1</shape_type>
			<fov>151.731995</fov>
			<znear>0.100000001</znear>
			<texture>../worlds/library_objects/lights/spotlight.DDS</texture>
			<intensity>1.58099997</intensity>
			<attenuation_power>0.0299999993</attenuation_power>
			<shadow>0</shadow>
			<shadow_bias>1</shadow_bias>
			<shadow_softness>0.870999992</shadow_softness>
			<shadow_screen_space>0</shadow_screen_space>
			<shadow_screen_space_num_rays>8</shadow_screen_space_num_rays>
			<shadow_screen_space_num_steps>8</shadow_screen_space_num_steps>
			<shadow_screen_space_noise_ray>1</shadow_screen_space_noise_ray>
			<shadow_screen_space_noise_step>0.5</shadow_screen_space_noise_step>
			<shadow_screen_space_step_size>0.5</shadow_screen_space_step_size>
			<shadow_screen_space_threshold>1</shadow_screen_space_threshold>
			<shadow_screen_space_softness>0.400000006</shadow_screen_space_softness>
			<transform>0.908002132654 -0.418965126214 -4.65661231797e-010 0.0 0.418755615875 0.907548183653 -0.0316147115299 0.0 0.0132448168915 0.0287048293623 0.999451041189 0.0 6734.26695538 36565.0276702 -4.29343324507 1.0</transform>
		</node>
		<node type="LightProj" id="785459283" folded="1" name="LightProj_20">
			<penumbra>0.469999999</penumbra>
			<attenuation_distance>7.64699984</attenuation_distance>
			<shape>2 1 0.159999996</shape>
			<shape_type>-1</shape_type>
			<fov>151.731995</fov>
			<znear>0.100000001</znear>
			<texture>../worlds/library_objects/lights/spotlight.DDS</texture>
			<intensity>1.58099997</intensity>
			<attenuation_power>0.0299999993</attenuation_power>
			<shadow>0</shadow>
			<shadow_bias>1</shadow_bias>
			<shadow_softness>0.870999992</shadow_softness>
			<shadow_screen_space>0</shadow_screen_space>
			<shadow_screen_space_num_rays>8</shadow_screen_space_num_rays>
			<shadow_screen_space_num_steps>8</shadow_screen_space_num_steps>
			<shadow_screen_space_noise_ray>1</shadow_screen_space_noise_ray>
			<shadow_screen_space_noise_step>0.5</shadow_screen_space_noise_step>
			<shadow_screen_space_step_size>0.5</shadow_screen_space_step_size>
			<shadow_screen_space_threshold>1</shadow_screen_space_threshold>
			<shadow_screen_space_softness>0.400000006</shadow_screen_space_softness>
			<transform>0.892827981283 -0.450397846126 -1.39698383417e-009 0.0 0.450184461485 0.892404967094 -0.0307790152448 0.0 0.0138628034733 0.0274803636211 0.99952620265 0.0 6742.93831745 36583.0315822 -4.74873427106 1.0</transform>
		</node>
		<node type="LightProj" id="690561282" folded="1" name="LightProj_21">
			<penumbra>0.469999999</penumbra>
			<attenuation_distance>7.64699984</attenuation_distance>
			<shape>2 1 0.159999996</shape>
			<shape_type>-1</shape_type>
			<fov>151.731995</fov>
			<znear>0.100000001</znear>
			<texture>../worlds/library_objects/lights/spotlight.DDS</texture>
			<intensity>1.58099997</intensity>
			<attenuation_power>0.0299999993</attenuation_power>
			<shadow>0</shadow>
			<shadow_bias>1</shadow_bias>
			<shadow_softness>0.870999992</shadow_softness>
			<shadow_screen_space>0</shadow_screen_space>
			<shadow_screen_space_num_rays>8</shadow_screen_space_num_rays>
			<shadow_screen_space_num_steps>8</shadow_screen_space_num_steps>
			<shadow_screen_space_noise_ray>1</shadow_screen_space_noise_ray>
			<shadow_screen_space_noise_step>0.5</shadow_screen_space_noise_step>
			<shadow_screen_space_step_size>0.5</shadow_screen_space_step_size>
			<shadow_screen_space_threshold>1</shadow_screen_space_threshold>
			<shadow_screen_space_softness>0.400000006</shadow_screen_space_softness>
			<transform>0.876781754302 -0.48088836556 -1.39698372315e-009 0.0 0.480740307614 0.87651180485 -0.0248172130327 0.0 0.0119343109092 0.0217592822319 0.999692082387 0.0 6752.22485373 36600.7376833 -5.33724230465 1.0</transform>
		</node>
		<node type="LightProj" id="686417191" folded="1" name="LightProj_22">
			<penumbra>0.469999999</penumbra>
			<attenuation_distance>7.64699984</attenuation_distance>
			<shape>2 1 0.159999996</shape>
			<shape_type>-1</shape_type>
			<fov>151.731995</fov>
			<znear>0.100000001</znear>
			<texture>../worlds/library_objects/lights/spotlight.DDS</texture>
			<intensity>1.58099997</intensity>
			<attenuation_power>0.0299999993</attenuation_power>
			<shadow>0</shadow>
			<shadow_bias>1</shadow_bias>
			<shadow_softness>0.870999992</shadow_softness>
			<shadow_screen_space>0</shadow_screen_space>
			<shadow_screen_space_num_rays>8</shadow_screen_space_num_rays>
			<shadow_screen_space_num_steps>8</shadow_screen_space_num_steps>
			<shadow_screen_space_noise_ray>1</shadow_screen_space_noise_ray>
			<shadow_screen_space_noise_step>0.5</shadow_screen_space_noise_step>
			<shadow_screen_space_step_size>0.5</shadow_screen_space_step_size>
			<shadow_screen_space_threshold>1</shadow_screen_space_threshold>
			<shadow_screen_space_softness>0.400000006</shadow_screen_space_softness>
			<transform>0.860208085788 -0.509943217632 4.65661287308e-010 0.0 0.509864241473 0.860074869399 -0.0175888604724 0.0 0.00896915846879 0.0151298064443 0.999827086915 0.0 6762.1262009 36618.115324 -5.76121232885 1.0</transform>
		</node>
		<node type="LightProj" id="70253215" folded="1" name="LightProj_23">
			<penumbra>0.469999999</penumbra>
			<attenuation_distance>7.64699984</attenuation_distance>
			<shape>2 1 0.159999996</shape>
			<shape_type>-1</shape_type>
			<fov>151.731995</fov>
			<znear>0.100000001</znear>
			<texture>../worlds/library_objects/lights/spotlight.DDS</texture>
			<intensity>1.58099997</intensity>
			<attenuation_power>0.0299999993</attenuation_power>
			<shadow>0</shadow>
			<shadow_bias>1</shadow_bias>
			<shadow_softness>0.870999992</shadow_softness>
			<shadow_screen_space>0</shadow_screen_space>
			<shadow_screen_space_num_rays>8</shadow_screen_space_num_rays>
			<shadow_screen_space_num_steps>8</shadow_screen_space_num_steps>
			<shadow_screen_space_noise_ray>1</shadow_screen_space_noise_ray>
			<shadow_screen_space_noise_step>0.5</shadow_screen_space_noise_step>
			<shadow_screen_space_step_size>0.5</shadow_screen_space_step_size>
			<shadow_screen_space_threshold>1</shadow_screen_space_threshold>
			<shadow_screen_space_softness>0.400000006</shadow_screen_space_softness>
			<transform>0.841808548081 -0.539775880562 -2.32830602021e-010 0.0 0.539745064959 0.84176056634 -0.0106908787826 0.0 0.00577057001117 0.00899950468537 0.999923884864 0.0 6772.62270922 36635.1422531 -6.0547373456 1.0</transform>
		</node>
		<node type="LightProj" id="221130996" folded="1" name="LightProj_24">
			<penumbra>0.469999999</penumbra>
			<attenuation_distance>7.64699984</attenuation_distance>
			<shape>2 1 0.159999996</shape>
			<shape_type>-1</shape_type>
			<fov>151.731995</fov>
			<znear>0.100000001</znear>
			<texture>../worlds/library_objects/lights/spotlight.DDS</texture>
			<intensity>1.58099997</intensity>
			<attenuation_power>0.0299999993</attenuation_power>
			<shadow>0</shadow>
			<shadow_bias>1</shadow_bias>
			<shadow_softness>0.870999992</shadow_softness>
			<shadow_screen_space>0</shadow_screen_space>
			<shadow_screen_space_num_rays>8</shadow_screen_space_num_rays>
			<shadow_screen_space_num_steps>8</shadow_screen_space_num_steps>
			<shadow_screen_space_noise_ray>1</shadow_screen_space_noise_ray>
			<shadow_screen_space_noise_step>0.5</shadow_screen_space_noise_step>
			<shadow_screen_space_step_size>0.5</shadow_screen_space_step_size>
			<shadow_screen_space_threshold>1</shadow_screen_space_threshold>
			<shadow_screen_space_softness>0.400000006</shadow_screen_space_softness>
			<transform>0.82429038431 -0.566167090307 1.16415314888e-010 0.0 0.566160831819 0.824281264799 -0.00478069652427 0.0 0.00270630575084 0.00394014665128 0.999852836123 0.0 6783.69849711 36651.7991472 -6.20626135425 1.0</transform>
		</node>
		<node type="LightProj" id="1145117441" folded="1" name="LightProj_25">
			<penumbra>0.469999999</penumbra>
			<attenuation_distance>7.64699984</attenuation_distance>
			<shape>2 1 0.159999996</shape>
			<shape_type>-1</shape_type>
			<fov>151.731995</fov>
			<znear>0.100000001</znear>
			<texture>../worlds/library_objects/lights/spotlight.DDS</texture>
			<intensity>1.58099997</intensity>
			<attenuation_power>0.0299999993</attenuation_power>
			<shadow>0</shadow>
			<shadow_bias>1</shadow_bias>
			<shadow_softness>0.870999992</shadow_softness>
			<shadow_screen_space>0</shadow_screen_space>
			<shadow_screen_space_num_rays>8</shadow_screen_space_num_rays>
			<shadow_screen_space_num_steps>8</shadow_screen_space_num_steps>
			<shadow_screen_space_noise_ray>1</shadow_screen_space_noise_ray>
			<shadow_screen_space_noise_step>0.5</shadow_screen_space_noise_step>
			<shadow_screen_space_step_size>0.5</shadow_screen_space_step_size>
			<shadow_screen_space_threshold>1</shadow_screen_space_threshold>
			<shadow_screen_space_softness>0.400000006</shadow_screen_space_softness>
			<transform>0.809938598272 -0.586513613851 0 0.0 0.586512779386 0.809937525388 -0.00189095583839 0.0 0.00110907218976 0.00153155913392 0.999998152256 0.0 6795.22932203 36668.1404749 -6.34171636198 1.0</transform>
		</node>
		<node type="LightProj" id="1539792905" folded="1" name="LightProj_26">
			<penumbra>0.469999999</penumbra>
			<attenuation_distance>7.64699984</attenuation_distance>
			<shape>2 1 0.159999996</shape>
			<shape_type>-1</shape_type>
			<fov>151.731995</fov>
			<znear>0.100000001</znear>
			<texture>../worlds/library_objects/lights/spotlight.DDS</texture>
			<intensity>1.58099997</intensity>
			<attenuation_power>0.0299999993</attenuation_power>
			<shadow>0</shadow>
			<shadow_bias>1</shadow_bias>
			<shadow_softness>0.870999992</shadow_softness>
			<shadow_screen_space>0</shadow_screen_space>
			<shadow_screen_space_num_rays>8</shadow_screen_space_num_rays>
			<shadow_screen_space_num_steps>8</shadow_screen_space_num_steps>
			<shadow_screen_space_noise_ray>1</shadow_screen_space_noise_ray>
			<shadow_screen_space_noise_step>0.5</shadow_screen_space_noise_step>
			<shadow_screen_space_step_size>0.5</shadow_screen_space_step_size>
			<shadow_screen_space_threshold>1</shadow_screen_space_threshold>
			<shadow_screen_space_softness>0.400000006</shadow_screen_space_softness>
			<transform>0.804842341235 -0.593488549798 0 0.0 0.593488132566 0.804841924002 -0.00105617678966 0.0 0.000626829024513 0.000850056115914 0.999999523163 0.0 6801.26207394 36676.3970558 -6.26509735761 1.0</transform>
		</node>
		<node type="LightProj" id="1008975022" folded="1" name="LightProj_27">
			<penumbra>0.469999999</penumbra>
			<attenuation_distance>7.64699984</attenuation_distance>
			<shape>2 1 0.159999996</shape>
			<shape_type>-1</shape_type>
			<fov>151.731995</fov>
			<znear>0.100000001</znear>
			<texture>../worlds/library_objects/lights/spotlight.DDS</texture>
			<intensity>1.58099997</intensity>
			<attenuation_power>0.0299999993</attenuation_power>
			<shadow>0</shadow>
			<shadow_bias>1</shadow_bias>
			<shadow_softness>0.870999992</shadow_softness>
			<shadow_screen_space>0</shadow_screen_space>
			<shadow_screen_space_num_rays>8</shadow_screen_space_num_rays>
			<shadow_screen_space_num_steps>8</shadow_screen_space_num_steps>
			<shadow_screen_space_noise_ray>1</shadow_screen_space_noise_ray>
			<shadow_screen_space_noise_step>0.5</shadow_screen_space_noise_step>
			<shadow_screen_space_step_size>0.5</shadow_screen_space_step_size>
			<shadow_screen_space_threshold>1</shadow_screen_space_threshold>
			<shadow_screen_space_softness>0.400000006</shadow_screen_space_softness>
			<transform>0.800993967116 -0.598672187249 -3.63797837341e-012 0.0 0.598672008435 0.800993728697 0.000141723846617 0.0 -8.48447576212e-005 -0.000113518107755 0.999983251094 0.0 6805.88858219 36682.6076489 -6.22609435538 1.0</transform>
		</node>
		<node type="LightProj" id="12386299" folded="1" name="LightProj_28">
			<penumbra>0.469999999</penumbra>
			<attenuation_distance>7.64699984</attenuation_distance>
			<shape>2 1 0.159999996</shape>
			<shape_type>-1</shape_type>
			<fov>151.731995</fov>
			<znear>0.100000001</znear>
			<texture>../worlds/library_objects/lights/spotlight.DDS</texture>
			<intensity>1.58099997</intensity>
			<attenuation_power>0.0299999993</attenuation_power>
			<shadow>0</shadow>
			<shadow_bias>1</shadow_bias>
			<shadow_softness>0.870999992</shadow_softness>
			<shadow_screen_space>0</shadow_screen_space>
			<shadow_screen_space_num_rays>8</shadow_screen_space_num_rays>
			<shadow_screen_space_num_steps>8</shadow_screen_space_num_steps>
			<shadow_screen_space_noise_ray>1</shadow_screen_space_noise_ray>
			<shadow_screen_space_noise_step>0.5</shadow_screen_space_noise_step>
			<shadow_screen_space_step_size>0.5</shadow_screen_space_step_size>
			<shadow_screen_space_threshold>1</shadow_screen_space_threshold>
			<shadow_screen_space_softness>0.400000006</shadow_screen_space_softness>
			<transform>0.799068319742 -0.601240193918 5.82076609135e-011 0.0 0.601239717081 0.799067664091 0.00106981763939 0.0 -0.000643202025597 -0.00085483671139 0.999975085257 0.0 6811.88443614 36690.6089595 -6.22947235558 1.0</transform>
		</node>
		<node type="LightProj" id="2046626394" folded="1" name="LightProj_29">
			<penumbra>0.469999999</penumbra>
			<attenuation_distance>7.64699984</attenuation_distance>
			<shape>2 1 0.159999996</shape>
			<shape_type>-1</shape_type>
			<fov>151.731995</fov>
			<znear>0.100000001</znear>
			<texture>../worlds/library_objects/lights/spotlight.DDS</texture>
			<intensity>1.58099997</intensity>
			<attenuation_power>0.0299999993</attenuation_power>
			<shadow>0</shadow>
			<shadow_bias>1</shadow_bias>
			<shadow_softness>0.870999992</shadow_softness>
			<shadow_screen_space>0</shadow_screen_space>
			<shadow_screen_space_num_rays>8</shadow_screen_space_num_rays>
			<shadow_screen_space_num_steps>8</shadow_screen_space_num_steps>
			<shadow_screen_space_noise_ray>1</shadow_screen_space_noise_ray>
			<shadow_screen_space_noise_step>0.5</shadow_screen_space_noise_step>
			<shadow_screen_space_step_size>0.5</shadow_screen_space_step_size>
			<shadow_screen_space_threshold>1</shadow_screen_space_threshold>
			<shadow_screen_space_softness>0.400000006</shadow_screen_space_softness>
