<?xml version="1.0" encoding="utf-8"?>
<nodes version="2.5.0.2">
	<node type="NodeDummy" id="650436300" folded="1" name="line_7_track_cable_support">
		<transform>1.0000000596 0 0 0.0 0 1.0000000596 0 0.0 0 0 1 0.0 0 0 0 1.0</transform>
		<node type="NodeDummy" id="2030546858" folded="1" name="Collapsed">
			<transform>0.9999999404 0 0 0.0 0 0.9999999404 0 0.0 0 0 1 0.0 0 0 0 1.0</transform>
			<node type="ObjectMeshStatic" id="351411281" name="line_7_track_cable_support_Collapsed_0x235d76aa">
				<mesh_name>../worlds/mmrbem/graphics/sidewall_props/collapsed/line_7_track_cable_support_Collapsed_0x235d76aa.mesh</mesh_name>
				<surface name="track_cable_mid_support_gantry_atlas_d" max_visible_distance="500" material="8277e6bab8e9951b10513f1aaa0f306d6bd7a869" property="surface_base"/>
				<transform>0.987276492977 -0.159012515426 1.12777321986e-010 0.0 0.159012500525 0.987276492977 -0.000513545209881 0.0 8.16600319945e-005 0.000507011313357 1.00000017881 0.0 5680.29706381 28243.7650854 4.96392708799 1.0</transform>
			</node>
			<node type="ObjectMeshStatic" id="187155638" name="line_7_track_cable_support_Collapsed_0x261a0f24">
				<mesh_name>../worlds/mmrbem/graphics/sidewall_props/collapsed/line_7_track_cable_support_Collapsed_0x261a0f24.mesh</mesh_name>
				<surface name="track_cable_support_gantry_atlas_d" max_visible_distance="500" material="8277e6bab8e9951b10513f1aaa0f306d6bd7a869" property="surface_base"/>
				<transform>0.966804977275 0.25551536745 6.30037453949e-018 0.0 -0.255436212473 0.966505583109 0.0248864307933 0.0 0.00635886594089 -0.0240603285653 0.999690294253 0.0 5699.04364813 28745.4409267 11.5191113663 1.0</transform>
			</node>
			<node type="ObjectMeshStatic" id="1362528949" name="line_7_track_cable_support_Collapsed_0x541a62d1">
				<mesh_name>../worlds/mmrbem/graphics/sidewall_props/collapsed/line_7_track_cable_support_Collapsed_0x541a62d1.mesh</mesh_name>
				<surface name="track_cable_support_gantry_atlas_d" max_visible_distance="500" material="8277e6bab8e9951b10513f1aaa0f306d6bd7a869" property="surface_base"/>
				<transform>-0.999211192038 0.0397119010642 1.68081478901e-011 0.0 -0.0397119010642 -0.999211132433 0.000192262709426 0.0 7.6351352625e-006 0.000192111060806 1.00000000001 0.0 5656.15448286 29247.042549 17.0566740667 1.0</transform>
			</node>
			<node type="ObjectMeshStatic" id="2028728291" name="line_7_track_cable_support_Collapsed_0x414d7bde">
				<mesh_name>../worlds/mmrbem/graphics/sidewall_props/collapsed/line_7_track_cable_support_Collapsed_0x414d7bde.mesh</mesh_name>
				<surface name="track_cable_support_gantry_atlas_d" max_visible_distance="500" material="8277e6bab8e9951b10513f1aaa0f306d6bd7a869" property="surface_base"/>
				<transform>-0.99217712786 0.124838061612 1.5933671999e-009 0.0 -0.124817326643 -0.992012320997 0.0182259969102 0.0 0.00227530001778 0.0180834199439 0.99983388185 0.0 5703.88691043 29748.4742494 10.2497755439 1.0</transform>
			</node>
			<node type="ObjectMeshStatic" id="954831241" name="line_7_track_cable_support_Collapsed_0x4fd7fb37">
				<mesh_name>../worlds/mmrbem/graphics/sidewall_props/collapsed/line_7_track_cable_support_Collapsed_0x4fd7fb37.mesh</mesh_name>
				<surface name="track_cable_support_gantry_atlas_d" max_visible_distance="500" material="8277e6bab8e9951b10513f1aaa0f306d6bd7a869" property="surface_base"/>
				<transform>0.996916353336 0.0784713719454 1.02599047337e-017 0.0 -0.0784660075267 0.996848225219 -0.011693245497 0.0 -0.000917585093949 0.0116571891048 0.999931633474 0.0 5705.02362931 30249.5133717 4.49027326647 1.0</transform>
			</node>
			<node type="ObjectMeshStatic" id="888282870" name="line_7_track_cable_support_Collapsed_0x5307850e">
				<mesh_name>../worlds/mmrbem/graphics/sidewall_props/collapsed/line_7_track_cable_support_Collapsed_0x5307850e.mesh</mesh_name>
				<surface name="track_cable_support_gantry_atlas_d" max_visible_distance="500" material="8277e6bab8e9951b10513f1aaa0f306d6bd7a869" property="surface_base"/>
				<transform>-0.931534341757 0.363653434951 2.21366382875e-010 0.0 -0.36365227266 -0.93153130192 0.00253213607899 0.0 0.000920820334336 0.00235877190896 0.999996781354 0.0 5887.02951039 30718.4313963 11.0694214744 1.0</transform>
			</node>
			<node type="ObjectMeshStatic" id="728061360" name="line_7_track_cable_support_Collapsed_0x7635e136">
				<mesh_name>../worlds/mmrbem/graphics/sidewall_props/collapsed/line_7_track_cable_support_Collapsed_0x7635e136.mesh</mesh_name>
				<surface name="track_cable_support_gantry_atlas_d" max_visible_distance="500" material="8277e6bab8e9951b10513f1aaa0f306d6bd7a869" property="surface_base"/>
				<transform>0.974090513479 -0.226158452172 9.00547781537e-018 0.0 0.226158452172 0.974090513479 -9.2315413031e-005 0.0 2.08779135724e-005 8.99235854254e-005 1.00000000001 0.0 6008.52464206 31207.2830171 8.72248701592 1.0</transform>
			</node>
			<node type="ObjectMeshStatic" id="593224988" name="line_7_track_cable_support_Collapsed_0x548c7a5a">
				<mesh_name>../worlds/mmrbem/graphics/sidewall_props/collapsed/line_7_track_cable_support_Collapsed_0x548c7a5a.mesh</mesh_name>
				<surface name="track_cable_support_gantry_atlas_d" max_visible_distance="500" material="8277e6bab8e9951b10513f1aaa0f306d6bd7a869" property="surface_base"/>
				<transform>-0.736490933477 0.676447412545 2.96182089579e-011 0.0 -0.67644735294 -0.736490873873 0.000338792733787 0.0 0.000229175506355 0.000249517791149 0.999999940401 0.0 6224.15796854 31658.7088522 0.731865628477 1.0</transform>
			</node>
			<node type="ObjectMeshStatic" id="1519418579" name="line_7_track_cable_support_Collapsed_0x7861ee3f">
				<mesh_name>../worlds/mmrbem/graphics/sidewall_props/collapsed/line_7_track_cable_support_Collapsed_0x7861ee3f.mesh</mesh_name>
				<surface name="track_cable_support_gantry_atlas_d" max_visible_distance="500" material="8277e6bab8e9951b10513f1aaa0f306d6bd7a869" property="surface_base"/>
				<transform>0.691502713145 -0.722373869703 1.11970880159e-017 0.0 0.722224023608 0.691359244748 -0.0203676198643 0.0 0.0147130376504 0.014084266315 0.999792575829 0.0 6578.31377248 32012.734285 -4.38760116029 1.0</transform>
			</node>
			<node type="ObjectMeshStatic" id="1046360051" name="line_7_track_cable_support_Collapsed_0x519bece6">
				<mesh_name>../worlds/mmrbem/graphics/sidewall_props/collapsed/line_7_track_cable_support_Collapsed_0x519bece6.mesh</mesh_name>
				<surface name="track_cable_mid_support_gantry_atlas_d" max_visible_distance="500" material="8277e6bab8e9951b10513f1aaa0f306d6bd7a869" property="surface_base"/>
				<transform>0.980952260599 -0.194248833565 9.313225191e-010 0.0 0.194248014001 0.980948028668 0.00299875549218 0.0 -0.000582505086954 -0.00294163322682 0.999994575972 0.0 6857.12874706 32427.8905842 -4.62312010662 1.0</transform>
			</node>
			<node type="ObjectMeshStatic" id="689540255" name="line_7_track_cable_support_Collapsed_0x78d04eb9">
				<mesh_name>../worlds/mmrbem/graphics/sidewall_props/collapsed/line_7_track_cable_support_Collapsed_0x78d04eb9.mesh</mesh_name>
				<surface name="track_cable_support_gantry_atlas_d" max_visible_distance="500" material="8277e6bab8e9951b10513f1aaa0f306d6bd7a869" property="surface_base"/>
				<transform>-0.968417223504 -0.249335169713 -8.93203952976e-010 0.0 0.249322160998 -0.968366678759 -0.0102170618753 0.0 0.00254747232057 -0.00989438059413 0.999947786333 0.0 6802.45881873 32927.359394 0.487338422977 1.0</transform>
			</node>
			<node type="ObjectMeshStatic" id="451841525" name="line_7_track_cable_support_Collapsed_0x3e3801bb">
				<mesh_name>../worlds/mmrbem/graphics/sidewall_props/collapsed/line_7_track_cable_support_Collapsed_0x3e3801bb.mesh</mesh_name>
				<surface name="track_cable_support_gantry_atlas_d" max_visible_distance="500" material="8277e6bab8e9951b10513f1aaa0f306d6bd7a869" property="surface_base"/>
				<transform>0.965207572605 0.261484773336 1.00133767723e-017 0.0 -0.261473210034 0.965164836069 -0.00941247083475 0.0 -0.00246121810287 0.00908498946846 0.999955713752 0.0 6661.5847785 33410.2813266 0.402553284323 1.0</transform>
			</node>
			<node type="ObjectMeshStatic" id="1067626677" name="line_7_track_cable_support_Collapsed_0x797f548d">
				<mesh_name>../worlds/mmrbem/graphics/sidewall_props/collapsed/line_7_track_cable_support_Collapsed_0x797f548d.mesh</mesh_name>
				<surface name="track_cable_support_gantry_atlas_d" max_visible_distance="500" material="8277e6bab8e9951b10513f1aaa0f306d6bd7a869" property="surface_base"/>
				<transform>0.965813275077 0.259238780646 8.98474949517e-018 0.0 -0.259238780646 0.965813275077 9.92822010695e-005 0.0 2.57378009096e-005 -9.58880814945e-005 1.00000000001 0.0 6528.31864933 33896.6368533 4.05582833625 1.0</transform>
			</node>
			<node type="ObjectMeshStatic" id="1918990304" name="line_7_track_cable_support_Collapsed_0x54ec0791">
				<mesh_name>../worlds/mmrbem/graphics/sidewall_props/collapsed/line_7_track_cable_support_Collapsed_0x54ec0791.mesh</mesh_name>
				<surface name="track_cable_support_gantry_atlas_d" max_visible_distance="500" material="8277e6bab8e9951b10513f1aaa0f306d6bd7a869" property="surface_base"/>
				<transform>-0.99932384483 0.0367671555897 1.8177052059e-009 0.0 -0.0367592058193 -0.999107837571 0.0207921241697 0.0 0.000764469125171 0.0207780680243 0.999783813946 0.0 6431.24637214 34388.0705057 4.37732150422 1.0</transform>
			</node>
			<node type="ObjectMeshStatic" id="182682506" name="line_7_track_cable_support_Collapsed_0x4ded9d26">
				<mesh_name>../worlds/mmrbem/graphics/sidewall_props/collapsed/line_7_track_cable_support_Collapsed_0x4ded9d26.mesh</mesh_name>
				<surface name="track_cable_support_gantry_atlas_d" max_visible_distance="500" material="8277e6bab8e9951b10513f1aaa0f306d6bd7a869" property="surface_base"/>
				<transform>0.999327361504 -0.0366710877921 8.98901030276e-018 0.0 0.0366710877921 0.999327361504 5.98985715677e-005 0.0 -2.19654615458e-006 -5.98582917935e-005 1.00000000001 0.0 6448.2742062 34890.2736905 -2.36826648524 1.0</transform>
			</node>
			<node type="ObjectMeshStatic" id="690002461" name="line_7_track_cable_support_Collapsed_0x68f41da0">
				<mesh_name>../worlds/mmrbem/graphics/sidewall_props/collapsed/line_7_track_cable_support_Collapsed_0x68f41da0.mesh</mesh_name>
				<surface name="track_cable_support_gantry_atlas_d" max_visible_distance="500" material="8277e6bab8e9951b10513f1aaa0f306d6bd7a869" property="surface_base"/>
				<transform>-0.974873003349 0.222761359544 1.7611426701e-009 0.0 -0.222716149416 -0.97467517551 0.0201451231627 0.0 0.00448755740599 0.0196389393078 0.999797046178 0.0 6493.73954365 35390.2776564 -4.87414675203 1.0</transform>
			</node>
			<node type="ObjectMeshStatic" id="1255854932" name="line_7_track_cable_support_Collapsed_0x7694d57e">
				<mesh_name>../worlds/mmrbem/graphics/sidewall_props/collapsed/line_7_track_cable_support_Collapsed_0x7694d57e.mesh</mesh_name>
				<surface name="track_cable_support_gantry_atlas_d" max_visible_distance="500" material="8277e6bab8e9951b10513f1aaa0f306d6bd7a869" property="surface_base"/>
				<transform>-0.990338562768 0.138670416316 -6.39029034478e-010 0.0 -0.138666705926 -0.990312157907 -0.00730964026214 0.0 -0.00101363158761 -0.00723901942987 0.999973297123 0.0 6590.13848092 35884.3597465 -4.35747411 1.0</transform>
			</node>
			<node type="ObjectMeshStatic" id="1531124775" name="line_7_track_cable_support_Collapsed_0x3896f874">
				<mesh_name>../worlds/mmrbem/graphics/sidewall_props/collapsed/line_7_track_cable_support_Collapsed_0x3896f874.mesh</mesh_name>
				<surface name="track_cable_support_gantry_atlas_d" max_visible_distance="500" material="8277e6bab8e9951b10513f1aaa0f306d6bd7a869" property="surface_base"/>
				<transform>0.982823548654 -0.184547684735 9.00099615055e-018 0.0 0.184547684735 0.982823548654 -5.08948608838e-005 0.0 9.39253025636e-006 5.00206720575e-005 1.00000000001 0.0 6678.28546409 36376.715274 -4.26981522263 1.0</transform>
			</node>
			<node type="ObjectMeshStatic" id="367685870" name="line_7_track_cable_support_Collapsed_0x2034bc37">
				<mesh_name>../worlds/mmrbem/graphics/sidewall_props/collapsed/line_7_track_cable_support_Collapsed_0x2034bc37.mesh</mesh_name>
				<surface name="track_cable_mid_support_gantry_atlas_d" max_visible_distance="500" material="8277e6bab8e9951b10513f1aaa0f306d6bd7a869" property="surface_base"/>
				<transform>-0.800408101131 0.599452328617 5.45695379078e-012 0.0 -0.59945262664 -0.800408458759 -6.59689288329e-005 0.0 -3.95453473023e-005 -5.28022273292e-005 0.999999642377 0.0 6910.30306987 36822.1762646 -9.35513838267 1.0</transform>
			</node>
			<node type="ObjectMeshStatic" id="1564796405" name="line_7_track_cable_support_Collapsed_0x04baadff">
				<mesh_name>../worlds/mmrbem/graphics/sidewall_props/collapsed/line_7_track_cable_support_Collapsed_0x04baadff.mesh</mesh_name>
				<surface name="track_cable_support_gantry_atlas_d" max_visible_distance="500" material="8277e6bab8e9951b10513f1aaa0f306d6bd7a869" property="surface_base"/>
				<transform>-0.982914743772 0.18406137038 -1.78677222566e-011 0.0 -0.18406137038 -0.982914743772 -0.000204383014894 0.0 -3.76190409323e-005 -0.000200891105425 1.00000000001 0.0 6658.84356724 36246.4144772 -4.22657133501 1.0</transform>
			</node>
			<node type="ObjectMeshStatic" id="1644817861" name="line_7_track_cable_support_Collapsed_0x204ff316">
				<mesh_name>../worlds/mmrbem/graphics/sidewall_props/collapsed/line_7_track_cable_support_Collapsed_0x204ff316.mesh</mesh_name>
				<surface name="track_cable_support_gantry_atlas_d" max_visible_distance="500" material="8277e6bab8e9951b10513f1aaa0f306d6bd7a869" property="surface_base"/>
				<transform>0.975599286032 -0.219558801599 8.01369812797e-018 0.0 0.219549771494 0.975559112497 0.00907173434332 0.0 -0.00199177954807 -0.0088503790394 0.999958872798 0.0 6562.36504011 35750.0628555 -5.60723910378 1.0</transform>
			</node>
			<node type="ObjectMeshStatic" id="1235282018" name="line_7_track_cable_support_Collapsed_0x2ca6b7e0">
				<mesh_name>../worlds/mmrbem/graphics/sidewall_props/collapsed/line_7_track_cable_support_Collapsed_0x2ca6b7e0.mesh</mesh_name>
				<surface name="track_cable_mid_support_gantry_atlas_d" max_visible_distance="500" material="8277e6bab8e9951b10513f1aaa0f306d6bd7a869" property="surface_base"/>
				<transform>0.995415150563 -0.0956483522822 -7.27595693761e-010 0.0 0.0956462810205 0.995393633284 -0.00657951032841 0.0 0.000629320350053 0.00654934704141 0.999978601927 0.0 6464.9519425 35259.1526404 -2.43842830886 1.0</transform>
			</node>
			<node type="ObjectMeshStatic" id="317025723" name="line_7_track_cable_support_Collapsed_0x6aaf8bbf">
				<mesh_name>../worlds/mmrbem/graphics/sidewall_props/collapsed/line_7_track_cable_support_Collapsed_0x6aaf8bbf.mesh</mesh_name>
				<surface name="track_cable_mid_support_gantry_atlas_d" max_visible_distance="500" material="8277e6bab8e9951b10513f1aaa0f306d6bd7a869" property="surface_base"/>
				<transform>0.999017119281 -0.044325617769 9.02218686909e-010 0.0 0.0443212703547 0.998919069629 -0.0140161485383 0.0 0.000621271684781 0.014002328545 0.999898552884 0.0 6442.19705697 34680.988509 -1.71356700143 1.0</transform>
			</node>
			<node type="ObjectMeshStatic" id="125921683" name="line_7_track_cable_support_Collapsed_0x7c484817">
				<mesh_name>../worlds/mmrbem/graphics/sidewall_props/collapsed/line_7_track_cable_support_Collapsed_0x7c484817.mesh</mesh_name>
				<surface name="track_cable_mid_support_gantry_atlas_d" max_visible_distance="500" material="8277e6bab8e9951b10513f1aaa0f306d6bd7a869" property="surface_base"/>
				<transform>0.966394241609 0.257064253932 -3.60887452559e-009 0.0 -0.257061720734 0.96638476447 0.00446069499986 0.0 0.00114668779705 -0.00431078537529 0.999989092345 0.0 6635.89288084 33515.9219638 -0.362620405113 1.0</transform>
			</node>
			<node type="ObjectMeshStatic" id="1930455572" name="line_7_track_cable_support_Collapsed_0x4987eea5">
				<mesh_name>../worlds/mmrbem/graphics/sidewall_props/collapsed/line_7_track_cable_support_Collapsed_0x4987eea5.mesh</mesh_name>
				<surface name="track_cable_support_gantry_atlas_d" max_visible_distance="500" material="8277e6bab8e9951b10513f1aaa0f306d6bd7a869" property="surface_base"/>
				<transform>0.967146452326 0.254219800737 8.34593606799e-018 0.0 -0.254215211179 0.967129047767 0.00600262767095 0.0 0.00152598700517 -0.00580542091569 0.999981999402 0.0 6771.08918609 33030.8047189 1.52259871499 1.0</transform>
			</node>
			<node type="ObjectMeshStatic" id="1365788769" name="line_7_track_cable_support_Collapsed_0x533c8a85">
				<mesh_name>../worlds/mmrbem/graphics/sidewall_props/collapsed/line_7_track_cable_support_Collapsed_0x533c8a85.mesh</mesh_name>
				<surface name="track_cable_support_gantry_atlas_d" max_visible_distance="500" material="8277e6bab8e9951b10513f1aaa0f306d6bd7a869" property="surface_base"/>
				<transform>0.962171013615 -0.272446128422 8.8226667532e-018 0.0 0.272445800596 0.962169821522 0.00159738303837 0.0 -0.000435200891882 -0.00153695577451 0.999998748308 0.0 6844.53597219 32384.7987825 -4.70209674254 1.0</transform>
			</node>
			<node type="ObjectMeshStatic" id="1310947927" name="line_7_track_cable_support_Collapsed_0x571e1c10">
				<mesh_name>../worlds/mmrbem/graphics/sidewall_props/collapsed/line_7_track_cable_support_Collapsed_0x571e1c10.mesh</mesh_name>
				<surface name="track_cable_mid_support_gantry_atlas_d" max_visible_distance="500" material="8277e6bab8e9951b10513f1aaa0f306d6bd7a869" property="surface_base"/>
				<transform>0.699389421861 -0.714740719162 2.18860782552e-008 0.0 0.714599992579 0.699251735115 -0.0198485211192 0.0 0.0141865190265 0.0138818507797 0.999802112563 0.0 6547.3508781 31979.2889682 -3.45113512581 1.0</transform>
			</node>
			<node type="ObjectMeshStatic" id="1070679488" name="line_7_track_cable_support_Collapsed_0x55bcaae9">
				<mesh_name>../worlds/mmrbem/graphics/sidewall_props/collapsed/line_7_track_cable_support_Collapsed_0x55bcaae9.mesh</mesh_name>
				<surface name="track_cable_support_gantry_atlas_d" max_visible_distance="500" material="8277e6bab8e9951b10513f1aaa0f306d6bd7a869" property="surface_base"/>
				<transform>-0.924125006691 0.382090316068 2.39780121174e-009 0.0 -0.381946549648 -0.923777332757 0.0274276488978 0.0 0.0104798426306 0.0253465783264 0.999623775465 0.0 6080.44603735 31420.0486675 5.61360774124 1.0</transform>
			</node>
			<node type="ObjectMeshStatic" id="1810438975" name="line_7_track_cable_support_Collapsed_0x00a607aa">
				<mesh_name>../worlds/mmrbem/graphics/sidewall_props/collapsed/line_7_track_cable_support_Collapsed_0x00a607aa.mesh</mesh_name>
				<surface name="track_cable_support_gantry_atlas_d" max_visible_distance="500" material="8277e6bab8e9951b10513f1aaa0f306d6bd7a869" property="surface_base"/>
				<transform>0.967676754914 -0.252193689608 8.9753973906e-018 0.0 0.252193659806 0.967676754914 0.000185725406639 0.0 -4.68387789981e-005 -0.000179722184436 1.00000000001 0.0 5943.91086482 30938.1150163 8.72691397236 1.0</transform>
			</node>
			<node type="ObjectMeshStatic" id="1272925481" name="line_7_track_cable_support_Collapsed_0x18f3b78b">
				<mesh_name>../worlds/mmrbem/graphics/sidewall_props/collapsed/line_7_track_cable_support_Collapsed_0x18f3b78b.mesh</mesh_name>
				<surface name="track_cable_support_gantry_atlas_d" max_visible_distance="500" material="8277e6bab8e9951b10513f1aaa0f306d6bd7a869" property="surface_base"/>
				<transform>-0.961186106347 0.275900903452 -1.19856376419e-009 0.0 -0.275874975428 -0.961095745695 -0.0137099715672 0.0 -0.00378259526023 -0.0131778350908 0.999906003475 0.0 5720.42158037 30428.8083149 5.18447573095 1.0</transform>
			</node>
			<node type="ObjectMeshStatic" id="444954778" name="line_7_track_cable_support_Collapsed_0x2a2a2c06">
				<mesh_name>../worlds/mmrbem/graphics/sidewall_props/collapsed/line_7_track_cable_support_Collapsed_0x2a2a2c06.mesh</mesh_name>
				<surface name="track_cable_support_gantry_atlas_d" max_visible_distance="500" material="8277e6bab8e9951b10513f1aaa0f306d6bd7a869" property="surface_base"/>
				<transform>0.999342024249 -0.0362695424282 8.98756439096e-018 0.0 0.0362695424282 0.999342024249 7.32653032191e-005 0.0 -2.65729940866e-006 -7.32171116367e-005 1.00000000001 0.0 5707.47577804 29910.4742688 8.54146722211 1.0</transform>
			</node>
			<node type="ObjectMeshStatic" id="1577238268" name="line_7_track_cable_support_Collapsed_0x6f218905">
				<mesh_name>../worlds/mmrbem/graphics/sidewall_props/collapsed/line_7_track_cable_support_Collapsed_0x6f218905.mesh</mesh_name>
				<surface name="track_cable_support_gantry_atlas_d" max_visible_distance="500" material="8277e6bab8e9951b10513f1aaa0f306d6bd7a869" property="surface_base"/>
				<transform>0.992057084091 -0.125788614248 9.04951608663e-018 0.0 0.125788599347 0.992056964882 -0.000499392947614 0.0 6.28179552529e-005 0.000495426357645 0.999999880796 0.0 5658.10565497 29329.2241995 17.0108042367 1.0</transform>
			</node>
			<node type="ObjectMeshStatic" id="1033712697" name="line_7_track_cable_support_Collapsed_0x7940f7a0">
				<mesh_name>../worlds/mmrbem/graphics/sidewall_props/collapsed/line_7_track_cable_support_Collapsed_0x7940f7a0.mesh</mesh_name>
				<surface name="track_cable_support_gantry_atlas_d" max_visible_distance="500" material="8277e6bab8e9951b10513f1aaa0f306d6bd7a869" property="surface_base"/>
				<transform>0.965015407207 0.262193204426 6.31206963328e-018 0.0 -0.262112708344 0.964719112483 0.0247785519678 0.0 0.00649676921926 -0.023911687602 0.999692976462 0.0 5677.06415333 28827.0151552 13.6232574954 1.0</transform>
			</node>
			<node type="ObjectMeshStatic" id="1402908400" name="line_7_track_cable_support_Collapsed_0x17afbbfd">
				<mesh_name>../worlds/mmrbem/graphics/sidewall_props/collapsed/line_7_track_cable_support_Collapsed_0x17afbbfd.mesh</mesh_name>
				<surface name="track_cable_support_gantry_atlas_d" max_visible_distance="500" material="8277e6bab8e9951b10513f1aaa0f306d6bd7a869" property="surface_base"/>
				<transform>-0.989289938127 0.145963716026 4.27889943449e-010 0.0 -0.14596197259 -0.989278076802 0.00489449017986 0.0 0.000714418505268 0.00484207050855 0.999988019471 0.0 5695.30536644 28325.4291579 4.68677024169 1.0</transform>
			</node>
			<node type="ObjectMeshStatic" id="1283469265" name="line_7_track_cable_support_Collapsed_0x72742f36">
				<mesh_name>../worlds/mmrbem/graphics/sidewall_props/collapsed/line_7_track_cable_support_Collapsed_0x72742f36.mesh</mesh_name>
				<surface name="track_cable_support_gantry_atlas_d" max_visible_distance="500" material="8277e6bab8e9951b10513f1aaa0f306d6bd7a869" property="surface_base"/>
				<transform>0.987327633778 -0.15869529947 8.95695870647e-018 0.0 0.158695284569 0.987327574174 0.000356158612106 0.0 -5.65207004987e-005 -0.000351645268976 0.999999940401 0.0 5610.59051259 27831.9095678 4.97718697653 1.0</transform>
			</node>
			<node type="ObjectMeshStatic" id="45496950" name="line_7_track_cable_support_Collapsed_0x50f93534">
				<mesh_name>../worlds/mmrbem/graphics/sidewall_props/collapsed/line_7_track_cable_support_Collapsed_0x50f93534.mesh</mesh_name>
				<surface name="track_cable_support_gantry_atlas_d" max_visible_distance="500" material="8277e6bab8e9951b10513f1aaa0f306d6bd7a869" property="surface_base"/>
				<transform>-0.985912798157 0.16726029423 -2.62376580559e-009 0.0 -0.16718495395 -0.985468624291 -0.0300123839834 0.0 -0.00501988329231 -0.0295895950752 0.999549508073 0.0 5530.0851319 27334.7415398 -1.94591653026 1.0</transform>
			</node>
			<node type="ObjectMeshStatic" id="1632456425" name="line_7_track_cable_support_Collapsed_0x12ba9302">
				<mesh_name>../worlds/mmrbem/graphics/sidewall_props/collapsed/line_7_track_cable_support_Collapsed_0x12ba9302.mesh</mesh_name>
				<surface name="track_cable_support_gantry_atlas_d" max_visible_distance="500" material="8277e6bab8e9951b10513f1aaa0f306d6bd7a869" property="surface_base"/>
				<transform>-0.981991706133 0.1889241712 -1.05319192983e-009 0.0 -0.18891046213 -0.981920418969 -0.0120471117749 0.0 -0.00227599175771 -0.0118301645986 0.999927401544 0.0 5442.31754331 26842.3977311 -9.09934384228 1.0</transform>
			</node>
			<node type="ObjectMeshStatic" id="1217578019" name="line_7_track_cable_support_Collapsed_0x3112d612">
				<mesh_name>../worlds/mmrbem/graphics/sidewall_props/collapsed/line_7_track_cable_support_Collapsed_0x3112d612.mesh</mesh_name>
				<surface name="track_cable_support_gantry_atlas_d" max_visible_distance="500" material="8277e6bab8e9951b10513f1aaa0f306d6bd7a869" property="surface_base"/>
				<transform>-0.985375343011 0.170397778797 1.6058458854e-009 0.0 -0.170369034454 -0.985209105636 0.0183687351418 0.0 0.00312999370568 0.0181001017958 0.999831259246 0.0 5346.44643813 26351.6476726 -3.12424273041 1.0</transform>
			</node>
			<node type="ObjectMeshStatic" id="1008552125" name="line_7_track_cable_support_Collapsed_0x08e03497">
				<mesh_name>../worlds/mmrbem/graphics/sidewall_props/collapsed/line_7_track_cable_support_Collapsed_0x08e03497.mesh</mesh_name>
				<surface name="track_cable_support_gantry_atlas_d" max_visible_distance="500" material="8277e6bab8e9951b10513f1aaa0f306d6bd7a869" property="surface_base"/>
				<transform>0.989163933893 -0.146815362193 6.6479173897e-018 0.0 0.1467808511 0.988931416146 0.0216801440228 0.0 -0.00318297851591 -0.0214452191675 0.999764978877 0.0 5271.74965188 25855.7628479 -6.99671882375 1.0</transform>
			</node>
			<node type="ObjectMeshStatic" id="241517590" name="line_7_track_cable_support_Collapsed_0x64b73a1e">
				<mesh_name>../worlds/mmrbem/graphics/sidewall_props/collapsed/line_7_track_cable_support_Collapsed_0x64b73a1e.mesh</mesh_name>
				<surface name="track_cable_support_gantry_atlas_d" max_visible_distance="500" material="8277e6bab8e9951b10513f1aaa0f306d6bd7a869" property="surface_base"/>
				<transform>-0.95052456266 0.310649402219 1.54343924627e-009 0.0 -0.31060097344 -0.950376445101 0.0176548875217 0.0 0.0054844824616 0.0167814047523 0.99984413385 0.0 5196.59534605 25359.2432575 -4.56925943909 1.0</transform>
			</node>
			<node type="ObjectMeshStatic" id="1361798698" name="line_7_track_cable_support_Collapsed_0x448eb9c5">
				<mesh_name>../worlds/mmrbem/graphics/sidewall_props/collapsed/line_7_track_cable_support_Collapsed_0x448eb9c5.mesh</mesh_name>
				<surface name="track_cable_support_gantry_atlas_d" max_visible_distance="500" material="8277e6bab8e9951b10513f1aaa0f306d6bd7a869" property="surface_base"/>
				<transform>-0.99999153614 -0.00411609888716 9.99495212889e-010 0.0 0.0041158297349 -0.999926149837 0.0114328923931 0.0 -4.70579199537e-005 0.0114327962169 0.999934613706 0.0 5065.48253745 24876.0244498 -1.59671590309 1.0</transform>
			</node>
			<node type="ObjectMeshStatic" id="1358597218" name="line_7_track_cable_support_Collapsed_0x37fa6720">
				<mesh_name>../worlds/mmrbem/graphics/sidewall_props/collapsed/line_7_track_cable_support_Collapsed_0x37fa6720.mesh</mesh_name>
				<surface name="track_cable_support_gantry_atlas_d" max_visible_distance="500" material="8277e6bab8e9951b10513f1aaa0f306d6bd7a869" property="surface_base"/>
				<transform>-0.999993681908 0.00355603681428 1.02231462727e-009 0.0 -0.00355579373906 -0.999925315372 0.0116939160493 0.0 4.15850240194e-005 0.0116938431718 0.999931633474 0.0 5087.45031351 24373.0712649 4.19852710956 1.0</transform>
			</node>
			<node type="ObjectMeshStatic" id="1224364947" name="line_7_track_cable_support_Collapsed_0x142c0ab6">
				<mesh_name>../worlds/mmrbem/graphics/sidewall_props/collapsed/line_7_track_cable_support_Collapsed_0x142c0ab6.mesh</mesh_name>
				<surface name="track_cable_support_gantry_atlas_d" max_visible_distance="500" material="8277e6bab8e9951b10513f1aaa0f306d6bd7a869" property="surface_base"/>
				<transform>-0.999747216672 0.0224841841292 7.23799785509e-010 0.0 -0.0224834148566 -0.999712943997 0.00827930451364 0.0 0.000186154160838 0.00827721232501 0.999965727333 0.0 5082.18761757 23868.6883923 6.1515382619 1.0</transform>
			</node>
			<node type="ObjectMeshStatic" id="660049525" name="line_7_track_cable_support_Collapsed_0x0c71021e">
				<mesh_name>../worlds/mmrbem/graphics/sidewall_props/collapsed/line_7_track_cable_support_Collapsed_0x0c71021e.mesh</mesh_name>
				<surface name="track_cable_support_gantry_atlas_d" max_visible_distance="500" material="8277e6bab8e9951b10513f1aaa0f306d6bd7a869" property="surface_base"/>
				<transform>-0.93270676526 -0.360635711031 -2.15057962046e-009 0.0 0.360526574913 -0.932424477628 -0.0245997640998 0.0 0.00887155172933 -0.0229443692946 0.999697387206 0.0 5091.62658354 23368.5672389 5.30798323801 1.0</transform>
			</node>
			<node type="ObjectMeshStatic" id="209706443" name="line_7_track_cable_support_Collapsed_0x2e2a92f8">
				<mesh_name>../worlds/mmrbem/graphics/sidewall_props/collapsed/line_7_track_cable_support_Collapsed_0x2e2a92f8.mesh</mesh_name>
				<surface name="track_cable_support_gantry_atlas_d" max_visible_distance="500" material="8277e6bab8e9951b10513f1aaa0f306d6bd7a869" property="surface_base"/>
				<transform>-0.965124543325 0.261791171049 -4.27632482714e-010 0.0 -0.261788041805 -0.965112980022 -0.00489154533771 0.0 -0.00128056403614 -0.00472095106196 0.999988019471 0.0 5126.82141195 22867.1667885 -0.00135630097875 1.0</transform>
			</node>
			<node type="ObjectMeshStatic" id="1365944448" name="line_7_track_cable_support_Collapsed_0x3203a2a4">
				<mesh_name>../worlds/mmrbem/graphics/sidewall_props/collapsed/line_7_track_cable_support_Collapsed_0x3203a2a4.mesh</mesh_name>
				<surface name="track_cable_support_gantry_atlas_d" max_visible_distance="500" material="8277e6bab8e9951b10513f1aaa0f306d6bd7a869" property="surface_base"/>
				<transform>-0.984191773438 0.177106148256 -3.9853261957e-011 0.0 -0.177106133355 -0.984191654229 -0.000455868282987 0.0 -8.07371275936e-005 -0.000448661851631 0.999999880796 0.0 5027.91270875 22373.0612608 -1.99189674807 1.0</transform>
			</node>
			<node type="ObjectMeshStatic" id="1346880251" name="line_7_track_cable_support_Collapsed_0x7d766ed0">
				<mesh_name>../worlds/mmrbem/graphics/sidewall_props/collapsed/line_7_track_cable_support_Collapsed_0x7d766ed0.mesh</mesh_name>
				<surface name="track_cable_support_gantry_atlas_d" max_visible_distance="500" material="8277e6bab8e9951b10513f1aaa0f306d6bd7a869" property="surface_base"/>
				<transform>-0.968415196946 0.249343097132 2.61527382193e-012 0.0 -0.249343097132 -0.968415196946 2.99151433507e-005 0.0 7.45913801228e-006 2.89702818893e-005 1.00000000001 0.0 4926.7798842 21879.686202 -0.273268954354 1.0</transform>
			</node>
			<node type="ObjectMeshStatic" id="934079201" name="line_7_track_cable_support_Collapsed_0x6adb6f13">
				<mesh_name>../worlds/mmrbem/graphics/sidewall_props/collapsed/line_7_track_cable_support_Collapsed_0x6adb6f13.mesh</mesh_name>
				<surface name="track_cable_support_gantry_atlas_d" max_visible_distance="500" material="8277e6bab8e9951b10513f1aaa0f306d6bd7a869" property="surface_base"/>
				<transform>0.984334824603 -0.176309323467 8.96875182117e-018 0.0 0.176309308566 0.984334764998 0.00024715786294 0.0 -4.3576239215e-005 -0.000243286121884 0.999999940401 0.0 5022.56261046 22371.3034481 -1.97104811497 1.0</transform>
			</node>
			<node type="ObjectMeshStatic" id="379877006" name="line_7_track_cable_support_Collapsed_0x675ee011">
				<mesh_name>../worlds/mmrbem/graphics/sidewall_props/collapsed/line_7_track_cable_support_Collapsed_0x675ee011.mesh</mesh_name>
				<surface name="track_cable_mid_support_gantry_atlas_d" max_visible_distance="500" material="8277e6bab8e9951b10513f1aaa0f306d6bd7a869" property="surface_base"/>
				<transform>0.96515011372 -0.261697055304 -7.79138509703e-006 0.0 0.261693717443 0.965137477534 0.00494473643274 0.0 -0.00128650471072 -0.00477445694724 0.999988019471 0.0 5122.63879426 22861.2722565 -0.0107694749621 1.0</transform>
			</node>
			<node type="ObjectMeshStatic" id="2026659206" name="line_7_track_cable_support_Collapsed_0x41851267">
				<mesh_name>../worlds/mmrbem/graphics/sidewall_props/collapsed/line_7_track_cable_support_Collapsed_0x41851267.mesh</mesh_name>
				<surface name="track_cable_support_gantry_atlas_d" max_visible_distance="500" material="8277e6bab8e9951b10513f1aaa0f306d6bd7a869" property="surface_base"/>
				<transform>0.924395969439 0.38143430727 6.4386555715e-018 0.0 -0.381327972571 0.924138238924 0.023610813088 0.0 0.00900597512049 -0.0218257427157 0.999721229065 0.0 5088.41857534 23362.7898945 5.18850071364 1.0</transform>
			</node>
			<node type="ObjectMeshStatic" id="986508051" name="line_7_track_cable_support_Collapsed_0x57f13ad9">
				<mesh_name>../worlds/mmrbem/graphics/sidewall_props/collapsed/line_7_track_cable_support_Collapsed_0x57f13ad9.mesh</mesh_name>
				<surface name="track_cable_support_gantry_atlas_d" max_visible_distance="500" material="8277e6bab8e9951b10513f1aaa0f306d6bd7a869" property="surface_base"/>
				<transform>0.999764144393 -0.0217181395552 9.02352937896e-018 0.0 0.0217181376926 0.999764084789 -0.000259178735166 0.0 5.62888020594e-006 0.000259117632562 0.999999940401 0.0 5080.79162131 24037.9638031 5.23819716207 1.0</transform>
			</node>
			<node type="ObjectMeshStatic" id="1834372955" name="line_7_track_cable_support_Collapsed_0x4871a303">
				<mesh_name>../worlds/mmrbem/graphics/sidewall_props/collapsed/line_7_track_cable_support_Collapsed_0x4871a303.mesh</mesh_name>
				<surface name="track_cable_support_gantry_atlas_d" max_visible_distance="500" material="8277e6bab8e9951b10513f1aaa0f306d6bd7a869" property="surface_base"/>
				<transform>0.99686938487 0.0790658612926 1.02201934445e-017 0.0 -0.0790607948972 0.996805429078 -0.0113258191616 0.0 -0.000895485796149 0.011290364382 0.999935865404 0.0 5080.79113302 24541.9638631 2.2729128762 1.0</transform>
			</node>
			<node type="ObjectMeshStatic" id="1980324394" name="line_7_track_cable_support_Collapsed_0x1dd4e593">
				<mesh_name>../worlds/mmrbem/graphics/sidewall_props/collapsed/line_7_track_cable_support_Collapsed_0x1dd4e593.mesh</mesh_name>
				<surface name="track_cable_support_gantry_atlas_d" max_visible_distance="500" material="8277e6bab8e9951b10513f1aaa0f306d6bd7a869" property="surface_base"/>
				<transform>0.952516609731 -0.304486549436 8.98764049158e-018 0.0 0.304486549436 0.952516609731 7.25580800969e-005 0.0 -2.2092962259e-005 -6.9112787113e-005 1.00000000001 0.0 5077.14367165 25042.684626 -2.87640827159 1.0</transform>
			</node>
			<node type="ObjectMeshStatic" id="895194798" name="line_7_track_cable_support_Collapsed_0x79eba0a8">
				<mesh_name>../worlds/mmrbem/graphics/sidewall_props/collapsed/line_7_track_cable_support_Collapsed_0x79eba0a8.mesh</mesh_name>
				<surface name="track_cable_mid_support_gantry_atlas_d" max_visible_distance="500" material="8277e6bab8e9951b10513f1aaa0f306d6bd7a869" property="surface_base"/>
				<transform>0.990277348791 -0.13910675217 -7.83009319384e-006 0.0 0.139085070978 0.990123986021 -0.0175545617226 0.0 0.002449704859 0.0173827523598 0.999842405315 0.0 5226.71204886 25522.1221831 -7.4418210651 1.0</transform>
			</node>
			<node type="ObjectMeshStatic" id="1876887914" name="line_7_track_cable_support_Collapsed_0x4f0efb71">
				<mesh_name>../worlds/mmrbem/graphics/sidewall_props/collapsed/line_7_track_cable_support_Collapsed_0x4f0efb71.mesh</mesh_name>
				<surface name="track_cable_support_gantry_atlas_d" max_visible_distance="500" material="8277e6bab8e9951b10513f1aaa0f306d6bd7a869" property="surface_base"/>
				<transform>-0.9910616268 0.133404837061 -1.86997828378e-009 0.0 -0.133374319479 -0.990834890704 -0.0213900593753 0.0 -0.00285353964684 -0.021198869416 0.99977117776 0.0 5300.25502637 26017.5792734 -3.43663140756 1.0</transform>
			</node>
			<node type="ObjectMeshStatic" id="991681178" name="line_7_track_cable_support_Collapsed_0x400c02e1">
				<mesh_name>../worlds/mmrbem/graphics/sidewall_props/collapsed/line_7_track_cable_support_Collapsed_0x400c02e1.mesh</mesh_name>
				<surface name="track_cable_support_gantry_atlas_d" max_visible_distance="500" material="8277e6bab8e9951b10513f1aaa0f306d6bd7a869" property="surface_base"/>
				<transform>0.978258368762 -0.207389930772 1.11321543339e-017 0.0 0.20734941451 0.978067216643 -0.0197664008151 0.0 0.00409935323961 0.0193366487279 0.999804615968 0.0 5373.01284755 26513.5344107 -6.40683212324 1.0</transform>
			</node>
			<node type="ObjectMeshStatic" id="926029386" name="line_7_track_cable_support_Collapsed_0x46bda06a">
				<mesh_name>../worlds/mmrbem/graphics/sidewall_props/collapsed/line_7_track_cable_support_Collapsed_0x46bda06a.mesh</mesh_name>
				<surface name="track_cable_mid_support_gantry_atlas_d" max_visible_distance="500" material="8277e6bab8e9951b10513f1aaa0f306d6bd7a869" property="surface_base"/>
				<transform>0.983605621292 -0.180332860986 -7.83061706282e-006 0.0 0.180324650446 0.983560321756 0.00958368704972 0.0 -0.00172055346913 -0.00942798909432 0.999954700473 0.0 5478.12321164 27043.0833019 -6.68126956712 1.0</transform>
			</node>
			<node type="ObjectMeshStatic" id="1034477418" name="line_7_track_cable_support_Collapsed_0x15c5a56c">
				<mesh_name>../worlds/mmrbem/graphics/sidewall_props/collapsed/line_7_track_cable_support_Collapsed_0x15c5a56c.mesh</mesh_name>
				<surface name="track_cable_mid_support_gantry_atlas_d" max_visible_distance="500" material="8277e6bab8e9951b10513f1aaa0f306d6bd7a869" property="surface_base"/>
				<transform>0.985446153337 -0.169988324641 -7.8396401603e-006 0.0 0.169939270012 0.98516058745 0.0240564584171 0.0 -0.0040815952443 -0.0237076813677 0.999710500228 0.0 5562.22820214 27537.5110952 4.18589569248 1.0</transform>
			</node>
			<node type="ObjectMeshStatic" id="1534081799" name="line_7_track_cable_support_Collapsed_0x45d09cda">
				<mesh_name>../worlds/mmrbem/graphics/sidewall_props/collapsed/line_7_track_cable_support_Collapsed_0x45d09cda.mesh</mesh_name>
				<surface name="track_cable_support_gantry_atlas_d" max_visible_distance="500" material="8277e6bab8e9951b10513f1aaa0f306d6bd7a869" property="surface_base"/>
				<transform>0.986755131097 -0.162216950919 8.99118496072e-018 0.0 0.162216950919 0.986755131097 3.97963400322e-005 0.0 -6.45564191123e-006 -3.92692465058e-005 1.00000000001 0.0 5662.85516726 28152.1713248 4.97077685423 1.0</transform>
			</node>
		</node>
	</node>
	<node type="NodeDummy" id="319297397" folded="1" name="line_2a_track_side_suport">
		<transform>1.0000000596 0 0 0.0 0 1.0000000596 0 0.0 0 0 1 0.0 0 0 0 1.0</transform>
		<node type="NodeDummy" id="1667761842" folded="1" name="Collapsed">
			<transform>0.9999999404 0 0 0.0 0 0.9999999404 0 0.0 0 0 1 0.0 0 0 0 1.0</transform>
			<node type="ObjectMeshStatic" id="1876950197" name="line_2a_track_side_suport_Collapsed_0x3295e831">
				<mesh_name>../worlds/mmrbem/graphics/sidewall_props/collapsed/line_2a_track_side_suport_Collapsed_0x3295e831.mesh</mesh_name>
				<surface name="track_cable_support_gantry_atlas_d" max_visible_distance="500" material="8277e6bab8e9951b10513f1aaa0f306d6bd7a869" property="surface_base"/>
				<transform>-0.999871849999 -0.0160087254356 1.75991010042e-009 0.0 0.0160054807074 -0.999669253787 0.0201310248007 0.0 -0.000322270332836 0.0201284480993 0.999797344201 0.0 4133.36523883 35038.9807395 -12.8891027504 1.0</transform>
			</node>
			<node type="ObjectMeshStatic" id="1013309819" name="line_2a_track_side_suport_Collapsed_0x55307b06">
				<mesh_name>../worlds/mmrbem/graphics/sidewall_props/collapsed/line_2a_track_side_suport_Collapsed_0x55307b06.mesh</mesh_name>
				<surface name="track_cable_support_gantry_atlas_d" max_visible_distance="500" material="8277e6bab8e9951b10513f1aaa0f306d6bd7a869" property="surface_base"/>
				<transform>-0.865901156176 0.500215113189 -6.17737495232e-012 0.0 -0.500215113189 -0.865901156176 -7.06610341069e-005 0.0 -3.53457295504e-005 -6.11854775523e-005 1.00000000001 0.0 4222.93458545 35534.4182986 -15.2629670658 1.0</transform>
			</node>
			<node type="ObjectMeshStatic" id="856536470" name="line_2a_track_side_suport_Collapsed_0x51ace36b">
