<?xml version="1.0" encoding="utf-8"?>
<nodes version="2.5.0.2">
	<node type="NodeDummy" id="307965984" folded="1" name="Cluster">
		<transform>1.00000011921 0 0 0.0 0 1.00000011921 0 0.0 0 0 1.0000000596 0.0 0 0 0 1.0</transform>
		<node type="NodeReference" id="1647091959" name="gantry_type01_pull(0)">
			<reference>../worlds/library_objects/gantry/gantry_type01_pull.node</reference>
			<transform>-0.968171715736 0.250289559364 0 0.0 -0.250289618969 -0.96817189455 0 0.0 0 0 0.999999880791 0.0 4856.99074782 21609.0503969 -0.261388805823 1.0</transform>
		</node>
		<node type="NodeReference" id="1193475016" name="gantry_type01_pull(1)">
			<reference>../worlds/library_objects/gantry/gantry_type01_pull.node</reference>
			<transform>-0.968163073062 0.250317275524 0 0.0 -0.250317305326 -0.968163132667 0 0.0 0 0 0.9999999404 0.0 4863.94029502 21636.4563568 -0.26306727262 1.0</transform>
		</node>
		<node type="NodeReference" id="695505649" name="gantry_type01_pull(2)">
			<reference>../worlds/library_objects/gantry/gantry_type01_pull.node</reference>
			<transform>-0.968176543713 0.250273346901 0 0.0 -0.250273376703 -0.968176662922 0 0.0 0 0 0.999999940395 0.0 4872.494681 21669.0183414 -0.265043285804 1.0</transform>
		</node>
		<node type="NodeReference" id="1805184856" name="gantry_type01_pull(3)">
			<reference>../worlds/library_objects/gantry/gantry_type01_pull.node</reference>
			<transform>-0.968219459056 0.250102043152 0 0.0 -0.250102072954 -0.968219518661 0 0.0 0 0 0.999999880796 0.0 4878.78239672 21694.0376694 -0.26655581327 1.0</transform>
		</node>
		<node type="NodeReference" id="836289685" name="gantry_type01_pull(4)">
			<reference>../worlds/library_objects/gantry/gantry_type01_pull.node</reference>
			<transform>-0.947045385837 0.244551762938 0 0.0 -0.250024408102 -0.968238651752 0 0.0 0 0 0.999999403959 0.0 4886.92988438 21724.897039 -0.26842501493 1.0</transform>
		</node>
		<node type="NodeReference" id="1750262519" name="gantry_type01_pull(5)">
			<reference>../worlds/library_objects/gantry/gantry_type01_pull.node</reference>
			<transform>-0.968262195586 0.249938592314 0 0.0 -0.249938622117 -0.968262314795 0 0.0 0 0 0.999999880796 0.0 4894.75029106 21755.9697034 -0.270299938636 1.0</transform>
		</node>
		<node type="NodeReference" id="1022968703" name="gantry_type01_pull(6)">
			<reference>../worlds/library_objects/gantry/gantry_type01_pull.node</reference>
			<transform>-0.968272686004 0.249895364046 0 0.0 -0.24989554286 -0.968273401259 0 0.0 0 0 0.999999880796 0.0 4901.31967885 21780.8456144 -0.271804836707 1.0</transform>
		</node>
		<node type="NodeReference" id="651942838" name="gantry_type01_pull(13)">
			<reference>../worlds/library_objects/gantry/gantry_type01_pull.node</reference>
			<transform>-0.969832122326 0.243778347969 0 0.0 -0.24377836287 -0.969832241535 0 0.0 0 0 0.999999940395 0.0 4954.92660036 21988.3535792 -0.265426342889 1.0</transform>
		</node>
		<node type="NodeReference" id="1079835157" name="gantry_type01_pull(14)">
			<reference>../worlds/library_objects/gantry/gantry_type01_pull.node</reference>
			<transform>-0.975071966647 0.221903130412 0 0.0 -0.22190259397 -0.975069642066 0 0.0 0 0 0.999999463563 0.0 4908.83748358 21810.5958092 -0.203809719273 1.0</transform>
		</node>
		<node type="NodeReference" id="181560143" name="gantry_type01_pull(15)">
			<reference>../worlds/library_objects/gantry/gantry_type01_pull.node</reference>
			<transform>-0.977012515067 0.213181599974 0 0.0 -0.213181316852 -0.97701126337 0 0.0 0 0 1.00000154973 0.0 4917.39853398 21843.418531 -0.267065110483 1.0</transform>
		</node>
		<node type="NodeReference" id="1534621038" name="gantry_type01_pull(16)">
			<reference>../worlds/library_objects/gantry/gantry_type01_pull.node</reference>
			<transform>-0.980049610137 0.19875228405 0 0.0 -0.198752105236 -0.980048656463 0 0.0 0 0 1.00000393391 0.0 4923.1901897 21866.3343882 -0.266339834768 1.0</transform>
		</node>
		<node type="NodeReference" id="1281144111" name="gantry_type01_pull(17)">
			<reference>../worlds/library_objects/gantry/gantry_type01_pull.node</reference>
			<transform>-0.983714222907 0.179736196995 0 0.0 -0.17973588407 -0.983712494372 0 0.0 0 0 1.00000321866 0.0 4932.60571306 21902.6460702 -0.261481774946 1.0</transform>
		</node>
		<node type="NodeReference" id="979486725" name="gantry_type01_pull(18)">
			<reference>../worlds/library_objects/gantry/gantry_type01_pull.node</reference>
			<transform>-0.984419882297 0.175832301378 0 0.0 -0.175832808018 -0.984422743319 0 0.0 0 0 0.999999642377 0.0 4940.05383605 21931.4088723 -0.255940878291 1.0</transform>
		</node>
		<node type="NodeReference" id="1245543445" name="gantry_type01_pull(19)">
			<reference>../worlds/library_objects/gantry/gantry_type01_pull.node</reference>
			<transform>-0.984330177306 0.176339462399 0 0.0 -0.176339417696 -0.984329938888 0 0.0 0 0 0.999999642377 0.0 4946.63957418 21956.5969714 -0.280863469048 1.0</transform>
		</node>
		<node type="NodeReference" id="1601814585" name="gantry_type01_pull(20)">
			<reference>../worlds/library_objects/gantry/gantry_type01_pull.node</reference>
			<transform>-0.984581172466 0.174927085638 0 0.0 -0.174927100539 -0.984581232071 0 0.0 0 0 0.999999880791 0.0 4995.46448306 22192.0749721 -0.58470696728 1.0</transform>
		</node>
		<node type="NodeReference" id="628533246" name="gantry_type01_pull(21)">
			<reference>../worlds/library_objects/gantry/gantry_type01_pull.node</reference>
			<transform>-0.984550714492 0.175096347928 0 0.0 -0.175096347928 -0.984550714492 0 0.0 0 0 0.9999999404 0.0 5001.11410938 22223.8520334 -1.22656602185 1.0</transform>
		</node>
		<node type="NodeReference" id="174352552" name="gantry_type01_pull(22)">
			<reference>../worlds/library_objects/gantry/gantry_type01_pull.node</reference>
			<transform>-0.984397768973 0.175957068801 0 0.0 -0.1759570539 -0.984397709369 0 0.0 0 0 0.999999880796 0.0 5005.74356817 22249.0440333 -1.69901055615 1.0</transform>
		</node>
		<node type="NodeReference" id="1061838891" name="gantry_type01_pull(23)">
			<reference>../worlds/library_objects/gantry/gantry_type01_pull.node</reference>
			<transform>-0.984351694583 0.176214635372 0 0.0 -0.176214620471 -0.984351634978 0 0.0 0 0 0.9999999404 0.0 5011.50098852 22282.0730946 -1.98390168469 1.0</transform>
		</node>
		<node type="NodeReference" id="989990449" name="gantry_type01_pull(24)">
			<reference>../worlds/library_objects/gantry/gantry_type01_pull.node</reference>
			<transform>-0.984239459038 0.176849395037 0 0.0 -0.176849365234 -0.984239220619 0 0.0 0 0 0.999999940395 0.0 5016.71984854 22310.7888896 -2.00027055066 1.0</transform>
		</node>
		<node type="NodeReference" id="926618904" name="gantry_type01_pull(25)">
			<reference>../worlds/library_objects/gantry/gantry_type01_pull.node</reference>
			<transform>-0.984387695788 0.176014050841 0 0.0 -0.176014021039 -0.984387516974 0 0.0 0 0 0.999999880796 0.0 5023.96690244 22351.3042975 -2.0015131883 1.0</transform>
		</node>
		<node type="NodeReference" id="863452914" name="gantry_type01_pull(26)">
			<reference>../worlds/library_objects/gantry/gantry_type01_pull.node</reference>
			<transform>-0.983930826187 0.17855155468 0 0.0 -0.17855155468 -0.983930826187 0 0.0 0 0 0.999999940395 0.0 5027.62532087 22371.5823109 -1.99236712365 1.0</transform>
		</node>
		<node type="NodeReference" id="1863152517" name="gantry_type01_pull(27)">
			<reference>../worlds/library_objects/gantry/gantry_type01_pull.node</reference>
			<transform>-0.982380867003 0.186889663338 0 0.0 -0.186889648437 -0.982380747794 0 0.0 0 0 0.999999880796 0.0 5032.29539247 22397.2011166 -1.98518214135 1.0</transform>
		</node>
		<node type="NodeReference" id="1915143242" name="gantry_type01_pull(28)">
			<reference>../worlds/library_objects/gantry/gantry_type01_pull.node</reference>
			<transform>-0.981492042541 0.191501557827 0 0.0 -0.191501587629 -0.98149216175 0 0.0 0 0 0.999999821191 0.0 5038.0047882 22428.2042389 -1.99015841393 1.0</transform>
		</node>
		<node type="NodeReference" id="113337711" name="gantry_type01_pull(29)">
			<reference>../worlds/library_objects/gantry/gantry_type01_pull.node</reference>
			<transform>-0.979401111603 0.201924130321 0 0.0 -0.201924130321 -0.979401111603 0 0.0 0 0 0.999999940395 0.0 5044.67036481 22459.9010365 -1.95444712548 1.0</transform>
		</node>
		<node type="NodeReference" id="967945687" name="gantry_type01_pull(30)">
			<reference>../worlds/library_objects/gantry/gantry_type01_pull.node</reference>
			<transform>-0.98374891281 0.233065754175 0 0.0 -0.230534479022 -0.973064661025 0 0.0 0 0 0.999999701982 0.0 5050.11736718 22484.8766117 -1.87438807396 1.0</transform>
		</node>
		<node type="NodeReference" id="1570379799" name="gantry_type01_pull(31)">
			<reference>../worlds/library_objects/gantry/gantry_type01_pull.node</reference>
			<transform>-0.971626520156 0.236520916223 0 0.0 -0.236520916223 -0.971626520156 0 0.0 0 0 0.999999880796 0.0 5058.01461869 22517.4057154 -1.6964219561 1.0</transform>
		</node>
		<node type="NodeReference" id="150553976" name="gantry_type01_pull(32)">
			<reference>../worlds/library_objects/gantry/gantry_type01_pull.node</reference>
			<transform>-0.97409415245 0.226142033934 0 0.0 -0.226142033934 -0.97409415245 0 0.0 0 0 0.9999999404 0.0 5064.83189888 22545.9828085 -1.55486235527 1.0</transform>
		</node>
		<node type="NodeReference" id="337377785" name="gantry_type01_pull(33)">
			<reference>../worlds/library_objects/gantry/gantry_type01_pull.node</reference>
			<transform>-0.956238627433 0.219732284546 0 0.0 -0.223951652646 -0.974600553512 0 0.0 0 0 0.999999463563 0.0 5071.5989842 22572.9687855 -1.4259038916 1.0</transform>
		</node>
		<node type="NodeReference" id="539171404" name="gantry_type01_pull(34)">
			<reference>../worlds/library_objects/gantry/gantry_type01_pull.node</reference>
			<transform>-0.977458238601 0.211128413677 0 0.0 -0.211128488183 -0.977458596229 0 0.0 0 0 0.999999761586 0.0 5078.77974282 22606.0014291 -1.26363871006 1.0</transform>
		</node>
		<node type="NodeReference" id="218543317" name="gantry_type01_pull(35)">
			<reference>../worlds/library_objects/gantry/gantry_type01_pull.node</reference>
			<transform>-0.973782360553 0.155245482921 0 0.0 -0.157436907291 -0.987528085708 0 0.0 0 0 0.999999403959 0.0 5083.96940656 22631.6135609 -1.15204343704 1.0</transform>
		</node>
		<node type="NodeReference" id="26277552" name="gantry_type01_pull(36)">
			<reference>../worlds/library_objects/gantry/gantry_type01_pull.node</reference>
			<transform>-0.991290092467 0.131698265672 0 0.0 -0.131698265672 -0.991290092467 0 0.0 0 0 0.999999821191 0.0 5088.57966841 22662.6639957 -0.995812510527 1.0</transform>
		</node>
		<node type="NodeReference" id="1734227369" name="gantry_type01_pull(37)">
			<reference>../worlds/library_objects/gantry/gantry_type01_pull.node</reference>
			<transform>-0.963400840758 0.130073919892 0 0.0 -0.133801296353 -0.991007864474 0 0.0 0 0 0.999999105935 0.0 5092.50405078 22694.9267569 -0.845604275739 1.0</transform>
		</node>
		<node type="NodeReference" id="1843652675" name="gantry_type01_pull(38)">
			<reference>../worlds/library_objects/gantry/gantry_type01_pull.node</reference>
			<transform>-0.989823579787 0.142311304808 0 0.0 -0.142311245203 -0.989823222159 0 0.0 0 0 0.999999821191 0.0 5095.43906801 22720.2975483 -0.722791527783 1.0</transform>
		</node>
		<node type="NodeReference" id="73771700" name="gantry_type01_pull(39)">
			<reference>../worlds/library_objects/gantry/gantry_type01_pull.node</reference>
			<transform>-0.969111859797 0.147849261761 0 0.0 -0.150816768408 -0.98856306076 0 0.0 0 0 1.00000000001 0.0 5100.260323 22753.3789418 -0.560808842455 1.0</transform>
		</node>
		<node type="NodeReference" id="1660828645" name="gantry_type01_pull(40)">
			<reference>../worlds/library_objects/gantry/gantry_type01_pull.node</reference>
			<transform>-0.981711268424 0.190374419093 0 0.0 -0.190374404192 -0.981711149215 0 0.0 0 0 0.999999880796 0.0 5105.22373596 22782.5119571 -0.421826695476 1.0</transform>
		</node>
		<node type="NodeReference" id="43875956" name="gantry_type01_pull(41)">
			<reference>../worlds/library_objects/gantry/gantry_type01_pull.node</reference>
			<transform>-0.970467031002 0.241232931614 0 0.0 -0.241232916713 -0.970466971397 0 0.0 0 0 0.999999880791 0.0 5111.34601255 22809.4781849 -0.292701875243 1.0</transform>
		</node>
		<node type="NodeReference" id="570719410" name="gantry_type01_pull(42)">
			<reference>../worlds/library_objects/gantry/gantry_type01_pull.node</reference>
			<transform>-0.967487573623 0.252919465303 0 0.0 -0.252919465303 -0.967487573623 0 0.0 0 0 0.999999821191 0.0 5119.91126733 22842.2060706 -0.12859187034 1.0</transform>
		</node>
		<node type="NodeReference" id="1154047911" name="gantry_type01_pull(43)">
			<reference>../worlds/library_objects/gantry/gantry_type01_pull.node</reference>
			<transform>-0.966402947903 0.257035970688 0 0.0 -0.257035881281 -0.966402649879 0 0.0 0 0 0.999999940395 0.0 5126.84845395 22867.5049183 4.92582005049e-005 1.0</transform>
		</node>
		<node type="NodeReference" id="777484043" name="gantry_type01_pull(44)">
			<reference>../worlds/library_objects/gantry/gantry_type01_pull.node</reference>
			<transform>-0.964636504649 0.263581871986 0 0.0 -0.263581931591 -0.964636683463 0 0.0 0 0 1.00000000001 0.0 5134.93673434 22897.6945399 0.151437426536 1.0</transform>
		</node>
		<node type="NodeReference" id="1793865804" name="gantry_type01_pull(45)">
			<reference>../worlds/library_objects/gantry/gantry_type01_pull.node</reference>
			<transform>-0.964382171631 0.264512479305 0 0.0 -0.264512479305 -0.964382171631 0 0.0 0 0 0.999999940395 0.0 5143.62905927 22929.1018422 0.300902033776 1.0</transform>
		</node>
		<node type="NodeReference" id="1167735436" name="gantry_type01_pull(46)">
			<reference>../worlds/library_objects/gantry/gantry_type01_pull.node</reference>
			<transform>-0.962967395782 0.269620358944 0 0.0 -0.269620358944 -0.962967395782 0 0.0 0 0 0.999999821191 0.0 5150.21816091 22953.8675423 0.253321314781 1.0</transform>
		</node>
		<node type="NodeReference" id="1397241762" name="gantry_type01_pull(47)">
			<reference>../worlds/library_objects/gantry/gantry_type01_pull.node</reference>
			<transform>-0.963776290417 0.266711562872 0 0.0 -0.266711711884 -0.963776826859 0 0.0 0 0 0.999999880791 0.0 5159.28655017 22986.3641159 0.0462328443213 1.0</transform>
		</node>
		<node type="NodeReference" id="1773145878" name="gantry_type01_pull(48)">
			<reference>../worlds/library_objects/gantry/gantry_type01_pull.node</reference>
			<transform>-0.970487833022 0.241150423884 0 0.0 -0.241150304675 -0.970487356185 0 0.0 0 0 0.999999880796 0.0 5166.94910522 23014.6798566 -0.394256924663 1.0</transform>
		</node>
		<node type="NodeReference" id="559990567" name="gantry_type01_pull(49)">
			<reference>../worlds/library_objects/gantry/gantry_type01_pull.node</reference>
			<transform>-0.9775288105 0.21080121398 0 0.0 -0.210801288485 -0.977529168128 0 0.0 0 0 0.999999821191 0.0 5174.57340008 23042.84994 -0.724047218835 1.0</transform>
		</node>
		<node type="NodeReference" id="1522173382" name="gantry_type01_pull(50)">
			<reference>../worlds/library_objects/gantry/gantry_type01_pull.node</reference>
			<transform>-0.98466169834 0.174473002553 0 0.0 -0.174473002553 -0.98466169834 0 0.0 0 0 0.999999880796 0.0 5180.24309688 23075.3216544 -1.02910563854 1.0</transform>
		</node>
		<node type="NodeReference" id="905287065" name="gantry_type01_pull(51)">
			<reference>../worlds/library_objects/gantry/gantry_type01_pull.node</reference>
			<transform>-0.998835384845 0.0482351779937 0 0.0 -0.048235181719 -0.998835444449 0 0.0 0 0 0.999999880796 0.0 5182.52026728 23101.3607449 -1.03108528761 1.0</transform>
		</node>
		<node type="NodeReference" id="404514810" name="gantry_type01_pull(52)">
			<reference>../worlds/library_objects/gantry/gantry_type01_pull.node</reference>
			<transform>-0.996019780635 -0.0891314819454 0 0.0 0.089131489396 -0.996019840239 0 0.0 0 0 0.999999880796 0.0 5182.40871852 23132.3883633 -0.751351689374 1.0</transform>
		</node>
		<node type="NodeReference" id="755797751" name="gantry_type01_pull(53)">
			<reference>../worlds/library_objects/gantry/gantry_type01_pull.node</reference>
			<transform>-0.986409842967 -0.164302334189 0 0.0 0.164302334189 -0.986409842967 0 0.0 0 0 0.999999821191 0.0 5179.80999378 23158.7670142 -0.254280423197 1.0</transform>
		</node>
		<node type="NodeReference" id="1668792914" name="gantry_type01_pull(54)">
			<reference>../worlds/library_objects/gantry/gantry_type01_pull.node</reference>
			<transform>-0.97791647911 -0.20899541676 0 0.0 0.208995446563 -0.977916657924 0 0.0 0 0 0.999999880796 0.0 5173.12947865 23192.9881872 0.593760157556 1.0</transform>
		</node>
		<node type="NodeReference" id="1827004032" name="gantry_type01_pull(55)">
			<reference>../worlds/library_objects/gantry/gantry_type01_pull.node</reference>
			<transform>-0.934945583344 -0.354790329933 0 0.0 0.354790329933 -0.934945583344 0 0.0 0 0 0.999999940395 0.0 5165.45070081 23218.7556394 1.25237813089 1.0</transform>
		</node>
		<node type="NodeReference" id="1051714220" name="gantry_type01_pull(56)">
			<reference>../worlds/library_objects/gantry/gantry_type01_pull.node</reference>
			<transform>-0.902548015117 -0.430589228868 0 0.0 0.430589199066 -0.902547955512 0 0.0 0 0 0.9999999404 0.0 5153.75464127 23247.5495506 2.0112558851 1.0</transform>
		</node>
		<node type="NodeReference" id="302314162" name="gantry_type01_pull(57)">
			<reference>../worlds/library_objects/gantry/gantry_type01_pull.node</reference>
			<transform>-0.894372761249 -0.447323918342 0 0.0 0.447323918342 -0.894372761249 0 0.0 0 0 0.999999761586 0.0 5138.7441229 23276.6932436 2.79933467005 1.0</transform>
		</node>
		<node type="NodeReference" id="1726370854" name="gantry_type01_pull(58)">
			<reference>../worlds/library_objects/gantry/gantry_type01_pull.node</reference>
			<transform>-0.882001042366 -0.47124683857 0 0.0 0.471246629953 -0.882000625134 0 0.0 0 0 0.999999880791 0.0 5126.24733047 23299.2015254 3.42373385523 1.0</transform>
		</node>
		<node type="NodeReference" id="2116777548" name="gantry_type01_pull(59)">
			<reference>../worlds/library_objects/gantry/gantry_type01_pull.node</reference>
			<transform>-0.880920767784 -0.47326412797 0 0.0 0.473264187574 -0.880920827389 0 0.0 0 0 0.999999821186 0.0 5109.85960603 23329.0944515 4.25311055278 1.0</transform>
		</node>
		<node type="NodeReference" id="1602151711" name="gantry_type01_pull(60)">
			<reference>../worlds/library_objects/gantry/gantry_type01_pull.node</reference>
			<transform>-0.909335315228 -0.416063070297 0 0.0 0.416063278913 -0.90933573246 0 0.0 0 0 0.999999940395 0.0 5097.01550666 23355.2564211 4.95694508647 1.0</transform>
		</node>
		<node type="NodeReference" id="1381848652" name="gantry_type01_pull(61)">
			<reference>../worlds/library_objects/gantry/gantry_type01_pull.node</reference>
			<transform>-0.948729455471 -0.316088497639 0 0.0 0.316088467836 -0.948729336262 0 0.0 0 0 0.999999940395 0.0 5086.70921265 23381.9306494 5.66042819118 1.0</transform>
		</node>
		<node type="NodeReference" id="1729798453" name="gantry_type01_pull(62)">
			<reference>../worlds/library_objects/gantry/gantry_type01_pull.node</reference>
			<transform>-0.979468226433 -0.201599761844 0 0.0 0.201599776745 -0.979468345642 0 0.0 0 0 0.999999880791 0.0 5078.43778114 23411.6364402 6.38824000454 1.0</transform>
		</node>
		<node type="NodeReference" id="1859895536" name="gantry_type01_pull(63)">
			<reference>../worlds/library_objects/gantry/gantry_type01_pull.node</reference>
			<transform>-0.995702445507 -0.0926077738404 0 0.0 0.092607781291 -0.995702505112 0 0.0 0 0 0.999999940395 0.0 5073.84386978 23437.9065422 6.90621676541 1.0</transform>
		</node>
		<node type="NodeReference" id="2140984391" name="gantry_type01_pull(64)">
			<reference>../worlds/library_objects/gantry/gantry_type01_pull.node</reference>
			<transform>-0.998205900192 -0.0598647706211 0 0.0 0.0598647706211 -0.998205900192 0 0.0 0 0 0.999999940395 0.0 5071.56246991 23472.3714345 7.13067212201 1.0</transform>
		</node>
		<node type="NodeReference" id="1293288582" name="gantry_type01_pull(72)">
			<reference>../worlds/library_objects/gantry/gantry_type01_pull.node</reference>
			<transform>-0.99965429306 0.0262877549976 0 0.0 -0.0262877549976 -0.99965429306 0 0.0 0 0 0.999999940395 0.0 5078.35411115 23712.7209218 7.13945355511 1.0</transform>
		</node>
		<node type="NodeReference" id="1701867477" name="gantry_type01_pull(73)">
			<reference>../worlds/library_objects/gantry/gantry_type01_pull.node</reference>
			<transform>-0.999673068522 0.0255535542965 0 0.0 -0.0255535561591 -0.999673128127 0 0.0 0 0 0.999999880796 0.0 5078.89322621 23739.2463283 7.11728825665 1.0</transform>
		</node>
		<node type="NodeReference" id="2132657997" name="gantry_type01_pull(74)">
			<reference>../worlds/library_objects/gantry/gantry_type01_pull.node</reference>
			<transform>-0.999687850475 0.0249743759632 0 0.0 -0.0249743759632 -0.999687850475 0 0.0 0 0 0.999999940395 0.0 5079.82177015 23770.0801747 6.95373835659 1.0</transform>
		</node>
		<node type="NodeReference" id="473085813" name="gantry_type01_pull(75)">
			<reference>../worlds/library_objects/gantry/gantry_type01_pull.node</reference>
			<transform>-0.999699354171 0.0245114192366 0 0.0 -0.0245114192366 -0.999699354171 0 0.0 0 0 0.9999999404 0.0 5080.50656262 23802.9200022 6.6939279089 1.0</transform>
		</node>
		<node type="NodeReference" id="60427654" name="gantry_type01_pull(76)">
			<reference>../worlds/library_objects/gantry/gantry_type01_pull.node</reference>
			<transform>-0.999724030495 0.0235464125872 0 0.0 -0.0235464125872 -0.999724030495 0 0.0 0 0 0.999999940395 0.0 5081.24621625 23828.3440907 6.48487439251 1.0</transform>
		</node>
		<node type="NodeReference" id="1058193007" name="gantry_type01_pull(77)">
			<reference>../worlds/library_objects/gantry/gantry_type01_pull.node</reference>
			<transform>-0.999732613563 0.0231077522039 0 0.0 -0.0231077522039 -0.999732673167 0 0.0 0 0 0.999999880796 0.0 5081.89569649 23861.5072229 6.21088280773 1.0</transform>
		</node>
		<node type="NodeReference" id="472834769" name="gantry_type01_pull(78)">
			<reference>../worlds/library_objects/gantry/gantry_type01_pull.node</reference>
			<transform>-0.999745070934 0.0225679948926 0 0.0 -0.0225679948926 -0.999745070934 0 0.0 0 0 0.999999940395 0.0 5082.71085401 23891.7069447 5.9607373724 1.0</transform>
		</node>
		<node type="NodeReference" id="760460033" name="gantry_type01_pull(79)">
			<reference>../worlds/library_objects/gantry/gantry_type01_pull.node</reference>
			<transform>-0.999757766723 0.0220364667475 0 0.0 -0.0220364667475 -0.999757766723 0 0.0 0 0 0.999999880796 0.0 5083.15077419 23918.7602552 5.73583045101 1.0</transform>
		</node>
		<node type="NodeReference" id="1237160459" name="gantry_type01_pull(80)">
			<reference>../worlds/library_objects/gantry/gantry_type01_pull.node</reference>
			<transform>-0.999770939349 0.0213950686157 0 0.0 -0.021395066753 -0.999770879744 0 0.0 0 0 0.999999880796 0.0 5083.99638174 23952.6156439 5.46163287258 1.0</transform>
		</node>
		<node type="NodeReference" id="142082731" name="gantry_type01_pull(81)">
			<reference>../worlds/library_objects/gantry/gantry_type01_pull.node</reference>
			<transform>-0.999806284903 0.0196631401777 0 0.0 -0.0196631401777 -0.999806284903 0 0.0 0 0 0.9999999404 0.0 5084.38449106 23979.2713982 5.31058230495 1.0</transform>
		</node>
		<node type="NodeReference" id="1248373332" name="gantry_type01_pull(82)">
			<reference>../worlds/library_objects/gantry/gantry_type01_pull.node</reference>
			<transform>-0.967774271964 0.0180766750127 0 0.0 -0.0186752714217 -0.999821424483 0 0.0 0 0 0.999999582772 0.0 5085.18915601 24009.9481557 5.25881590938 1.0</transform>
		</node>
		<node type="NodeReference" id="826496810" name="gantry_type01_pull(83)">
			<reference>../worlds/library_objects/gantry/gantry_type01_pull.node</reference>
			<transform>-0.999867916106 0.0162732452154 0 0.0 -0.0162732452154 -0.999867916106 0 0.0 0 0 0.999999880796 0.0 5085.60024664 24042.8827942 5.23269143199 1.0</transform>
		</node>
		<node type="NodeReference" id="563345161" name="gantry_type01_pull(84)">
			<reference>../worlds/library_objects/gantry/gantry_type01_pull.node</reference>
			<transform>-0.999954104424 0.00971137732267 0 0.0 -0.00971137732267 -0.999954104424 0 0.0 0 0 0.999999940395 0.0 5086.1014256 24068.3023427 5.20068421459 1.0</transform>
		</node>
		<node type="NodeReference" id="1186438781" name="gantry_type01_pull(85)">
			<reference>../worlds/library_objects/gantry/gantry_type01_pull.node</reference>
			<transform>-0.999973237514 0.00731225730851 0 0.0 -0.00731225777417 -0.999973297118 0 0.0 0 0 0.999999880796 0.0 5086.31916274 24101.3923894 5.16310420131 1.0</transform>
		</node>
		<node type="NodeReference" id="249595338" name="gantry_type01_pull(86)">
			<reference>../worlds/library_objects/gantry/gantry_type01_pull.node</reference>
			<transform>-0.999983787537 0.00564098451287 0 0.0 -0.00564098451287 -0.999983787537 0 0.0 0 0 0.999999940395 0.0 5086.57572217 24131.7748158 5.12893262004 1.0</transform>
		</node>
		<node type="NodeReference" id="706086371" name="gantry_type01_pull(87)">
			<reference>../worlds/library_objects/gantry/gantry_type01_pull.node</reference>
			<transform>-0.99999654293 0.0024624732323 0 0.0 -0.0024624732323 -0.99999654293 0 0.0 0 0 0.9999999404 0.0 5086.49081706 24158.6837606 5.09877886867 1.0</transform>
		</node>
		<node type="NodeReference" id="288464756" name="gantry_type01_pull(88)">
			<reference>../worlds/library_objects/gantry/gantry_type01_pull.node</reference>
			<transform>-0.999997675418 0.00194207078311 0 0.0 -0.00194207113236 -0.999997854232 0 0.0 0 0 0.999999880796 0.0 5086.69746312 24192.5527239 5.06135525798 1.0</transform>
		</node>
		<node type="NodeReference" id="2112026586" name="gantry_type01_pull(89)">
			<reference>../worlds/library_objects/gantry/gantry_type01_pull.node</reference>
			<transform>-0.999994874 0.00308762560598 0 0.0 -0.00308762560598 -0.999994874 0 0.0 0 0 0.9999999404 0.0 5086.6672227 24219.3459292 5.03258385753 1.0</transform>
		</node>
		<node type="NodeReference" id="1806292007" name="gantry_type01_pull(90)">
			<reference>../worlds/library_objects/gantry/gantry_type01_pull.node</reference>
			<transform>-0.999993979931 0.00338359782472 0 0.0 -0.00338359782472 -0.999993979931 0 0.0 0 0 0.999999940395 0.0 5086.90689893 24249.8672841 5.00030055141 1.0</transform>
		</node>
		<node type="NodeReference" id="517874209" name="gantry_type01_pull(91)">
			<reference>../worlds/library_objects/gantry/gantry_type01_pull.node</reference>
			<transform>-0.999991714953 0.00396157661452 0 0.0 -0.00396157754585 -0.999991893767 0 0.0 0 0 0.999999880796 0.0 5086.95131669 24282.8905303 4.96611228084 1.0</transform>
		</node>
		<node type="NodeReference" id="481029953" name="gantry_type01_pull(92)">
			<reference>../worlds/library_objects/gantry/gantry_type01_pull.node</reference>
			<transform>-0.999982476234 0.00612895889208 0 0.0 -0.00612895889208 -0.999982476234 0 0.0 0 0 0.999999940395 0.0 5087.15197797 24308.311826 4.89496579265 1.0</transform>
		</node>
		<node type="NodeReference" id="789410229" name="gantry_type01_pull(93)">
			<reference>../worlds/library_objects/gantry/gantry_type01_pull.node</reference>
			<transform>-0.999978721141 0.00646415073424 0 0.0 -0.0064641511999 -0.999978780745 0 0.0 0 0 0.999999880796 0.0 5087.21809901 24341.3202076 4.5738159666 1.0</transform>
		</node>
		<node type="NodeReference" id="1708719712" name="gantry_type01_pull(94)">
			<reference>../worlds/library_objects/gantry/gantry_type01_pull.node</reference>
			<transform>-0.999989390372 0.00455203652381 0 0.0 -0.00455203652381 -0.999989390372 0 0.0 0 0 0.9999999404 0.0 5087.42211588 24371.8705898 4.21261086558 1.0</transform>
		</node>
		<node type="NodeReference" id="280039894" name="gantry_type01_pull(95)">
			<reference>../worlds/library_objects/gantry/gantry_type01_pull.node</reference>
			<transform>-0.999993860721 0.00337567878887 0 0.0 -0.00337567948736 -0.999994039535 0 0.0 0 0 0.999999880796 0.0 5087.38161605 24398.6403047 3.90330710505 1.0</transform>
		</node>
		<node type="NodeReference" id="1192446818" name="gantry_type01_pull(96)">
			<reference>../worlds/library_objects/gantry/gantry_type01_pull.node</reference>
			<transform>-0.999999642371 0.000486801262013 0 0.0 -0.000486801262013 -0.999999642371 0 0.0 0 0 0.9999999404 0.0 5087.61162368 24432.509802 3.51709761714 1.0</transform>
		</node>
		<node type="NodeReference" id="1649241858" name="gantry_type01_pull(97)">
			<reference>../worlds/library_objects/gantry/gantry_type01_pull.node</reference>
			<transform>-0.99997794628 -0.00658730603754 0 0.0 0.00658730603754 -0.99997794628 0 0.0 0 0 0.9999999404 0.0 5087.50625366 24459.4417219 3.21296324824 1.0</transform>
		</node>
		<node type="NodeReference" id="25126247" name="gantry_type01_pull(98)">
			<reference>../worlds/library_objects/gantry/gantry_type01_pull.node</reference>
			<transform>-0.999958097934 -0.0091378474608 0 0.0 0.0091378474608 -0.999958038329 0 0.0 0 0 0.999999880796 0.0 5087.6751309 24489.8142433 2.86926236246 1.0</transform>
		</node>
		<node type="NodeReference" id="94517240" name="gantry_type01_pull(99)">
			<reference>../worlds/library_objects/gantry/gantry_type01_pull.node</reference>
			<transform>-0.999442636966 -0.0333682447672 0 0.0 0.0333682484924 -0.99944269657 0 0.0 0 0 0.999999880796 0.0 5086.94388511 24522.9112812 2.48951401804 1.0</transform>
		</node>
		<node type="NodeReference" id="343873229" name="gantry_type01_pull(100)">
			<reference>../worlds/library_objects/gantry/gantry_type01_pull.node</reference>
			<transform>-0.993614554404 -0.112842783332 0 0.0 0.112842768431 -0.993614435195 0 0.0 0 0 0.999999821191 0.0 5085.17706235 24548.2475799 2.18402638529 1.0</transform>
		</node>
		<node type="NodeReference" id="431249077" name="gantry_type01_pull(101)">
			<reference>../worlds/library_objects/gantry/gantry_type01_pull.node</reference>
			<transform>-0.990538358687 -0.137233093381 0 0.0 0.137233108282 -0.990538477897 0 0.0 0 0 0.999999821191 0.0 5081.03627021 24580.9164673 1.80335559938 1.0</transform>
		</node>
		<node type="NodeReference" id="1119120690" name="gantry_type01_pull(102)">
			<reference>../worlds/library_objects/gantry/gantry_type01_pull.node</reference>
			<transform>-0.991230249404 -0.132152333855 0 0.0 0.132152348757 -0.991230368613 0 0.0 0 0 0.999999880796 0.0 5076.51383918 24611.3027915 1.46672597024 1.0</transform>
		</node>
		<node type="NodeReference" id="13039738" name="gantry_type01_pull(103)">
			<reference>../worlds/library_objects/gantry/gantry_type01_pull.node</reference>
			<transform>-0.990636706352 -0.136523351073 0 0.0 0.136523336172 -0.990636587143 0 0.0 0 0 0.999999880791 0.0 5072.11073346 24637.6057789 1.15207185838 1.0</transform>
		</node>
		<node type="NodeReference" id="151172469" name="gantry_type01_pull(104)">
			<reference>../worlds/library_objects/gantry/gantry_type01_pull.node</reference>
			<transform>-0.992410182952 -0.122982613742 0 0.0 0.122982643545 -0.99241042137 0 0.0 0 0 0.999999821191 0.0 5067.93643522 24671.2347275 0.762261415454 1.0</transform>
		</node>
		<node type="NodeReference" id="1499040195" name="gantry_type01_pull(105)">
			<reference>../worlds/library_objects/gantry/gantry_type01_pull.node</reference>
			<transform>-0.998752832412 -0.0499281808733 0 0.0 0.0499281808733 -0.998752832412 0 0.0 0 0 0.999999821191 0.0 5065.63625271 24698.1928209 0.452170992822 1.0</transform>
		</node>
		<node type="NodeReference" id="747338676" name="gantry_type01_pull(106)">
			<reference>../worlds/library_objects/gantry/gantry_type01_pull.node</reference>
			<transform>-0.999992609023 -0.0037323066499 0 0.0 0.0037323066499 -0.999992609023 0 0.0 0 0 0.9999999404 0.0 5064.91809837 24728.3830857 0.107721770732 1.0</transform>
		</node>
		<node type="NodeReference" id="87078736" name="gantry_type01_pull(107)">
			<reference>../worlds/library_objects/gantry/gantry_type01_pull.node</reference>
			<transform>-0.999990344048 0.0043118246831 0 0.0 -0.0043118246831 -0.999990344048 0 0.0 0 0 0.999999940395 0.0 5065.11034172 24761.5735141 -0.27726778892 1.0</transform>
		</node>
		<node type="NodeReference" id="716278862" name="gantry_type01_pull(108)">
			<reference>../worlds/library_objects/gantry/gantry_type01_pull.node</reference>
			<transform>-0.99999809265 0.00171785720158 0 0.0 -0.00171785720158 -0.99999809265 0 0.0 0 0 0.9999999404 0.0 5065.43118175 24787.0121355 -0.572392796551 1.0</transform>
		</node>
		<node type="NodeReference" id="609054239" name="gantry_type01_pull(109)">
			<reference>../worlds/library_objects/gantry/gantry_type01_pull.node</reference>
			<transform>-0.999991595744 0.00400505168363 0 0.0 -0.00400505214929 -0.999991655349 0 0.0 0 0 0.999999880796 0.0 5065.41732496 24819.8595057 -0.951962803877 1.0</transform>
		</node>
		<node type="NodeReference" id="1125643234" name="gantry_type01_pull(110)">
			<reference>../worlds/library_objects/gantry/gantry_type01_pull.node</reference>
			<transform>-0.999999165534 0.000989426509476 0 0.0 -0.000989426509476 -0.999999165534 0 0.0 0 0 0.9999999404 0.0 5065.55559696 24850.7073016 -1.30674109367 1.0</transform>
		</node>
		<node type="NodeReference" id="418699630" name="gantry_type01_pull(111)">
			<reference>../worlds/library_objects/gantry/gantry_type01_pull.node</reference>
			<transform>-0.999850034713 -0.0172866396606 0 0.0 0.0172866452485 -0.999850392341 0 0.0 0 0 0.9999999404 0.0 5065.33775366 24877.2516736 -1.61050639061 1.0</transform>
		</node>
		<node type="NodeReference" id="2040528461" name="gantry_type01_pull(112)">
			<reference>../worlds/library_objects/gantry/gantry_type01_pull.node</reference>
			<transform>-0.999986588955 -0.00517404312268 0 0.0 0.00517404358834 -0.99998664856 0 0.0 0 0 0.999999880791 0.0 5065.21589704 24911.1285451 -1.99675688652 1.0</transform>
		</node>
		<node type="NodeReference" id="10905276" name="gantry_type01_pull(113)">
			<reference>../worlds/library_objects/gantry/gantry_type01_pull.node</reference>
			<transform>-0.998062252997 0.0622435510158 0 0.0 -0.0622435510158 -0.998062252997 0 0.0 0 0 0.999999821191 0.0 5064.89433801 24938.3199429 -2.30597958474 1.0</transform>
		</node>
		<node type="NodeReference" id="208419246" name="gantry_type01_pull(114)">
			<reference>../worlds/library_objects/gantry/gantry_type01_pull.node</reference>
			<transform>-0.994996547698 0.0999079644679 0 0.0 -0.0999079644679 -0.994996547698 0 0.0 0 0 0.999999880796 0.0 5066.47838267 24968.4054289 -2.61792406945 1.0</transform>
		</node>
		<node type="NodeReference" id="1042727624" name="gantry_type01_pull(115)">
			<reference>../worlds/library_objects/gantry/gantry_type01_pull.node</reference>
			<transform>-0.988959074019 0.148187637329 0 0.0 -0.14818765223 -0.988959193229 0 0.0 0 0 0.9999999404 0.0 5071.16970152 25001.3606862 -2.8779021254 1.0</transform>
		</node>
		<node type="NodeReference" id="2095083621" name="gantry_type01_pull(116)">
			<reference>../worlds/library_objects/gantry/gantry_type01_pull.node</reference>
			<transform>-0.95851767063 0.285031765699 0 0.0 -0.285031855106 -0.958518028258 0 0.0 0 0 0.999999821191 0.0 5077.2107664 25026.0047262 -2.89758620171 1.0</transform>
		</node>
		<node type="NodeReference" id="1886902417" name="gantry_type01_pull(117)">
			<reference>../worlds/library_objects/gantry/gantry_type01_pull.node</reference>
			<transform>-0.943225264549 0.332154929638 0 0.0 -0.332154899836 -0.94322514534 0 0.0 0 0 0.999999880791 0.0 5087.38038575 25057.1665918 -2.88169608025 1.0</transform>
		</node>
	</node>
	<node type="NodeDummy" id="1946240698" folded="1" name="Cluster">
		<transform>1.00000011921 0 0 0.0 0 1.00000011921 0 0.0 0 0 1.0000000596 0.0 0 0 0 1.0</transform>
		<node type="NodeReference" id="1485745945" name="gantry_type01_pull(0)">
			<reference>../worlds/library_objects/gantry/gantry_type01_pull.node</reference>
			<transform>0.968382298946 -0.249470561743 0 0.0 0.249470546842 0.968382239342 0 0.0 0 0 0.999999880791 0.0 4852.14626292 21610.4704128 -0.26136370151 1.0</transform>
		</node>
		<node type="NodeReference" id="162013425" name="gantry_type01_pull(1)">
			<reference>../worlds/library_objects/gantry/gantry_type01_pull.node</reference>
			<transform>0.968396842479 -0.249414011836 0 0.0 0.249414011836 0.968396842479 0 0.0 0 0 0.9999999404 0.0 4859.41185737 21637.8678835 -0.261634068179 1.0</transform>
		</node>
		<node type="NodeReference" id="738336579" name="gantry_type01_pull(2)">
			<reference>../worlds/library_objects/gantry/gantry_type01_pull.node</reference>
			<transform>0.968373060225 -0.24950659275 0 0.0 0.249506607651 0.96837311983 0 0.0 0 0 0.999999880796 0.0 4867.65827519 21670.4768169 -0.261952833819 1.0</transform>
		</node>
		<node type="NodeReference" id="147559557" name="gantry_type01_pull(3)">
			<reference>../worlds/library_objects/gantry/gantry_type01_pull.node</reference>
			<transform>0.96826404333 -0.249929517507 0 0.0 0.249929517507 0.96826404333 0 0.0 0 0 0.999999880796 0.0 4874.24528516 21695.3839164 -0.262200789141 1.0</transform>
		</node>
		<node type="NodeReference" id="1732758562" name="gantry_type01_pull(4)">
			<reference>../worlds/library_objects/gantry/gantry_type01_pull.node</reference>
			<transform>0.9682238698 -0.250084847212 0 0.0 0.250084847212 0.9682238698 0 0.0 0 0 0.999999880796 0.0 4882.10016451 21726.4154217 -0.262515263247 1.0</transform>
		</node>
		<node type="NodeReference" id="432961656" name="gantry_type01_pull(5)">
			<reference>../worlds/library_objects/gantry/gantry_type01_pull.node</reference>
			<transform>0.968245387076 -0.250001460314 0 0.0 0.250001430511 0.968245208262 0 0.0 0 0 0.9999999404 0.0 4890.2351623 21757.3225236 -0.262829737353 1.0</transform>
		</node>
		<node type="NodeReference" id="1909107676" name="gantry_type01_pull(6)">
			<reference>../worlds/library_objects/gantry/gantry_type01_pull.node</reference>
			<transform>0.946326017379 -0.244230464101 0 0.0 0.249894469976 0.968272447585 0 0.0 0 0 0.999999642377 0.0 4896.47747889 21782.3389967 -0.263081268954 1.0</transform>
		</node>
		<node type="NodeReference" id="102939465" name="gantry_type01_pull(13)">
			<reference>../worlds/library_objects/gantry/gantry_type01_pull.node</reference>
			<transform>0.969895780086 -0.243519827723 0 0.0 0.243519827723 0.969895780086 0 0.0 0 0 0.9999999404 0.0 4950.23851425 21989.7572377 -0.265333022817 1.0</transform>
		</node>
		<node type="NodeReference" id="457241111" name="gantry_type01_pull(14)">
			<reference>../worlds/library_objects/gantry/gantry_type01_pull.node</reference>
			<transform>0.975100994109 -0.22176079452 0 0.0 0.22176079452 0.975100994109 0 0.0 0 0 0.9999999404 0.0 4904.37254089 21812.1349142 -0.265154983743 1.0</transform>
		</node>
		<node type="NodeReference" id="1981743039" name="gantry_type01_pull(15)">
			<reference>../worlds/library_objects/gantry/gantry_type01_pull.node</reference>
			<transform>0.977037847041 -0.213064834475 0 0.0 0.213064879179 0.977038025855 0 0.0 0 0 0.999999880796 0.0 4912.59721828 21844.7626444 -0.266293372853 1.0</transform>
		</node>
		<node type="NodeReference" id="300867100" name="gantry_type01_pull(16)">
			<reference>../worlds/library_objects/gantry/gantry_type01_pull.node</reference>
			<transform>0.980125963687 -0.198375403881 0 0.0 0.198375418782 0.980126023292 0 0.0 0 0 0.999999821191 0.0 4918.72242682 21867.8745619 -0.264219608052 1.0</transform>
		</node>
		<node type="NodeReference" id="1811476220" name="gantry_type01_pull(17)">
			<reference>../worlds/library_objects/gantry/gantry_type01_pull.node</reference>
